Feature: chroma_stft
7.347903680056333542e-03,2.049121819436550140e-02,6.032242998480796814e-02,6.772078871726989746e-01,1.000000000000000000e+00,1.176507174968719482e-01,6.824148353189229965e-03,4.493229091167449951e-03,3.282097866758704185e-03,2.502233022823929787e-03,5.391685757786035538e-03,7.924234494566917419e-03
1.607981626875698566e-03,5.187970586121082306e-03,5.937705561518669128e-02,9.876887798309326172e-01,1.000000000000000000e+00,5.789226666092872620e-02,1.826579449698328972e-03,1.144406152889132500e-03,7.734000100754201412e-04,6.751900655217468739e-04,5.531834904104471207e-03,5.901969503611326218e-03
4.659058467950671911e-04,2.268037293106317520e-03,1.596778184175491333e-01,1.000000000000000000e+00,3.283563554286956787e-01,1.066050399094820023e-02,5.773101001977920532e-04,5.751346470788121223e-04,3.792788193095475435e-04,8.088886970654129982e-04,5.288789514452219009e-03,2.688881009817123413e-03
3.902062599081546068e-04,1.718202838674187660e-03,1.711859703063964844e-01,1.000000000000000000e+00,1.899189203977584839e-01,2.861278830096125603e-03,3.691425081342458725e-04,4.267473996151238680e-04,4.274805833119899035e-04,1.128529431298375130e-03,6.766533944755792618e-03,2.136291237547993660e-03
4.311656230129301548e-04,1.230188412591814995e-03,1.078806445002555847e-01,1.000000000000000000e+00,2.946529984474182129e-01,3.770592156797647476e-03,3.185442183166742325e-04,4.012577410321682692e-04,3.994034777861088514e-04,1.047754543833434582e-03,8.663341403007507324e-03,2.765632700175046921e-03
3.292511973995715380e-04,2.336192643269896507e-03,1.880008727312088013e-01,1.000000000000000000e+00,2.341822087764739990e-01,4.076424986124038696e-03,3.345836885273456573e-04,3.867941268254071474e-04,3.240309306420385838e-04,1.851411187089979649e-03,9.624882601201534271e-03,2.330339280888438225e-03
8.596077677793800831e-04,1.839764975011348724e-02,4.863085448741912842e-01,1.000000000000000000e+00,9.963054209947586060e-02,2.360885264351963997e-03,3.939812886528670788e-04,4.348977818153798580e-04,5.546773318201303482e-04,4.953399766236543655e-03,1.063930243253707886e-02,1.885197008959949017e-03
2.466245368123054504e-02,4.166231751441955566e-01,1.000000000000000000e+00,4.574117362499237061e-01,4.245887696743011475e-02,3.486854955554008484e-03,2.361363265663385391e-03,2.791112056002020836e-03,7.379978895187377930e-03,1.029892265796661377e-02,9.406324476003646851e-03,3.505046013742685318e-03
1.449261903762817383e-01,9.263321161270141602e-01,1.000000000000000000e+00,2.195395082235336304e-01,3.952275961637496948e-02,9.657643735408782959e-03,5.672431085258722305e-03,6.135925650596618652e-02,6.503880023956298828e-02,1.038081664592027664e-02,1.061912160366773605e-02,1.005909964442253113e-02
6.925020217895507812e-01,9.975890517234802246e-01,7.191890478134155273e-01,1.000000000000000000e+00,2.094409614801406860e-01,2.925210818648338318e-02,3.562559187412261963e-02,5.794785618782043457e-01,3.893552422523498535e-01,2.060364931821823120e-02,3.687747195363044739e-02,4.786449670791625977e-02
1.000000000000000000e+00,8.231343626976013184e-01,8.411404490470886230e-01,9.800087213516235352e-01,2.095128893852233887e-01,2.021659351885318756e-02,9.613080322742462158e-02,9.437623023986816406e-01,3.416853845119476318e-01,1.936643011868000031e-02,2.969455346465110779e-02,9.548100084066390991e-02
7.356508374214172363e-01,1.000000000000000000e+00,4.429016113281250000e-01,2.764875888824462891e-01,9.521488845348358154e-02,1.864690519869327545e-02,4.175053536891937256e-02,3.633086383342742920e-01,2.248197346925735474e-01,1.486180257052183151e-02,1.437797117978334427e-02,4.477472603321075439e-02
1.715704053640365601e-01,7.214058041572570801e-01,1.000000000000000000e+00,2.562114596366882324e-01,2.746301144361495972e-02,7.358503993600606918e-03,5.716429557651281357e-03,6.725707650184631348e-02,9.007197618484497070e-02,8.879260160028934479e-03,5.209108348935842514e-03,8.640852756798267365e-03
1.401780731976032257e-02,2.465814650058746338e-01,1.000000000000000000e+00,3.046482801437377930e-01,8.752823807299137115e-03,7.771702366881072521e-04,7.697529508732259274e-04,6.542126648128032684e-03,7.932873442769050598e-03,3.042384283617138863e-03,1.560859731398522854e-03,1.133840181864798069e-03
2.668684581294655800e-03,1.065515726804733276e-01,1.000000000000000000e+00,3.051429688930511475e-01,4.620655905455350876e-03,4.706947947852313519e-04,6.537316949106752872e-04,4.379768855869770050e-03,2.228705910965800285e-03,2.639798913151025772e-03,1.262460369616746902e-03,5.811035516671836376e-04
5.190210882574319839e-03,1.591169685125350952e-01,1.000000000000000000e+00,3.029592037200927734e-01,5.964606069028377533e-03,1.409843214787542820e-03,1.258245669305324554e-03,6.813327781856060028e-03,4.548434168100357056e-03,1.614892156794667244e-03,1.372417784295976162e-03,1.944765797816216946e-03

Feature: chroma_cqt
1.681925505399703979e-01,2.438328117132186890e-01,3.025840222835540771e-01,1.000000000000000000e+00,9.579400420188903809e-01,2.306233197450637817e-01,1.496403068304061890e-01,1.594978421926498413e-01,1.338495761156082153e-01,1.152062043547630310e-01,1.509004533290863037e-01,1.530483216047286987e-01
6.855413317680358887e-02,9.436002373695373535e-02,1.799111664295196533e-01,1.000000000000000000e+00,5.339732170104980469e-01,7.859075814485549927e-02,5.692411214113235474e-02,7.100867480039596558e-02,5.011348053812980652e-02,4.484100639820098877e-02,1.106613576412200928e-01,6.957437843084335327e-02
3.936859592795372009e-02,5.380622670054435730e-02,2.483841478824615479e-01,1.000000000000000000e+00,2.445238530635833740e-01,5.625373870134353638e-02,4.198625683784484863e-02,6.016799062490463257e-02,4.295084998011589050e-02,3.885653614997863770e-02,8.746591210365295410e-02,5.648792162537574768e-02
3.219530731439590454e-02,4.994838312268257141e-02,2.173264026641845703e-01,1.000000000000000000e+00,9.859006106853485107e-02,4.637414216995239258e-02,4.467660933732986450e-02,4.979883506894111633e-02,4.836462065577507019e-02,3.538167849183082581e-02,9.135459363460540771e-02,4.402190446853637695e-02
3.413625061511993408e-02,4.428704455494880676e-02,8.680723607540130615e-02,1.000000000000000000e+00,8.634559810161590576e-02,4.253890365362167358e-02,3.261074796319007874e-02,4.277602583169937134e-02,3.822771087288856506e-02,2.595483325421810150e-02,9.461990743875503540e-02,4.370404407382011414e-02
2.652400359511375427e-02,4.829737916588783264e-02,2.486722916364669800e-01,1.000000000000000000e+00,1.165232807397842407e-01,4.624444991350173950e-02,3.374043479561805725e-02,4.230579361319541931e-02,3.070084191858768463e-02,3.402296826243400574e-02,9.057263284921646118e-02,4.412028938531875610e-02
5.276091024279594421e-02,1.574684530496597290e-01,9.638217091560363770e-01,1.000000000000000000e+00,1.609540432691574097e-01,4.405526444315910339e-02,4.819073900580406189e-02,6.482498347759246826e-02,4.096974804997444153e-02,9.015334397554397583e-02,1.285687834024429321e-01,6.355258822441101074e-02
1.184848025441169739e-01,7.245363593101501465e-01,1.000000000000000000e+00,4.332656264305114746e-01,7.887332141399383545e-02,6.106976792216300964e-02,7.801853865385055542e-02,6.439180672168731689e-02,7.442656904458999634e-02,1.002025008201599121e-01,7.580904662609100342e-02,7.245875895023345947e-02
3.199519217014312744e-01,1.000000000000000000e+00,7.337381243705749512e-01,2.788189947605133057e-01,8.374305814504623413e-02,7.299720495939254761e-02,6.303500384092330933e-02,2.060656249523162842e-01,1.539772897958755493e-01,6.941339373588562012e-02,8.275806158781051636e-02,9.938170015811920166e-02
1.000000000000000000e+00,8.436219096183776855e-01,6.490896344184875488e-01,8.348298668861389160e-01,2.393007576465606689e-01,7.371815294027328491e-02,1.212794408202171326e-01,6.926159262657165527e-01,2.027740627527236938e-01,8.983207494020462036e-02,1.504654288291931152e-01,1.387417912483215332e-01
1.000000000000000000e+00,6.277897953987121582e-01,6.046433448791503906e-01,6.715591549873352051e-01,2.085039019584655762e-01,7.185751199722290039e-02,1.556450873613357544e-01,7.142649888992309570e-01,1.107275560498237610e-01,1.158367320895195007e-01,1.098481416702270508e-01,1.650327742099761963e-01
1.000000000000000000e+00,8.817763328552246094e-01,4.307332634925842285e-01,4.751641154289245605e-01,1.394453346729278564e-01,7.886493951082229614e-02,1.302853375673294067e-01,5.388833880424499512e-01,2.520089745521545410e-01,4.608782380819320679e-02,1.176984906196594238e-01,1.407262980937957764e-01
5.307986140251159668e-01,1.000000000000000000e+00,9.474208950996398926e-01,3.280664682388305664e-01,1.332135200500488281e-01,7.979586720466613770e-02,7.470000535249710083e-02,3.251485526561737061e-01,2.092539966106414795e-01,6.363251805305480957e-02,8.064258098602294922e-02,9.940267354249954224e-02
9.372255206108093262e-02,4.076188206672668457e-01,1.000000000000000000e+00,1.769823729991912842e-01,4.018194973468780518e-02,3.672237321734428406e-02,3.026766330003738403e-02,6.385828554630279541e-02,4.073311761021614075e-02,4.788966104388237000e-02,3.308727219700813293e-02,4.119949415326118469e-02
6.551168113946914673e-02,1.448475271463394165e-01,1.000000000000000000e+00,1.271440237760543823e-01,4.137813299894332886e-02,3.666588291525840759e-02,3.676911816000938416e-02,8.523965626955032349e-02,3.622305765748023987e-02,5.412216112017631531e-02,3.838633745908737183e-02,4.012189432978630066e-02
7.660984992980957031e-02,2.573936283588409424e-01,1.000000000000000000e+00,1.029167026281356812e-01,5.704637616872787476e-02,4.615075141191482544e-02,4.650512710213661194e-02,1.049924269318580627e-01,5.486813560128211975e-02,5.800572410225868225e-02,5.738082155585289001e-02,6.532991677522659302e-02

Feature: chroma_cens
1.492163240909576416e-01,2.939540147781372070e-01,5.307610034942626953e-01,7.218748331069946289e-01,2.691304385662078857e-01,2.344200201332569122e-02,0.000000000000000000e+00,1.050714179873466492e-01,1.995792239904403687e-02,0.000000000000000000e+00,6.399970501661300659e-02,0.000000000000000000e+00
1.582254916429519653e-01,3.086804449558258057e-01,5.438936352729797363e-01,7.080055475234985352e-01,2.553825676441192627e-01,2.174285240471363068e-02,0.000000000000000000e+00,1.120628789067268372e-01,2.186495997011661530e-02,0.000000000000000000e+00,6.212688237428665161e-02,0.000000000000000000e+00
1.665035039186477661e-01,3.224607110023498535e-01,5.561523437500000000e-01,6.940351724624633789e-01,2.421800047159194946e-01,2.014908380806446075e-02,0.000000000000000000e+00,1.185779422521591187e-01,2.366953715682029724e-02,0.000000000000000000e+00,6.022731587290763855e-02,0.000000000000000000e+00
1.741463541984558105e-01,3.354088962078094482e-01,5.676345229148864746e-01,6.799854636192321777e-01,2.294532358646392822e-01,1.864616759121417999e-02,0.000000000000000000e+00,1.246764659881591797e-01,2.538374438881874084e-02,0.000000000000000000e+00,5.830729007720947266e-02,0.000000000000000000e+00
1.812383681535720825e-01,3.476333618164062500e-01,5.784357786178588867e-01,6.658515334129333496e-01,2.171307504177093506e-01,1.722107827663421631e-02,0.000000000000000000e+00,1.304136067628860474e-01,2.701961249113082886e-02,0.000000000000000000e+00,5.636819824576377869e-02,0.000000000000000000e+00
1.878522634506225586e-01,3.592339158058166504e-01,5.886457562446594238e-01,6.516088247299194336e-01,2.051419168710708618e-01,1.586226373910903931e-02,0.000000000000000000e+00,1.358389556407928467e-01,2.858865074813365936e-02,0.000000000000000000e+00,5.440788716077804565e-02,0.000000000000000000e+00
1.940500438213348389e-01,3.703007698059082031e-01,5.983467102050781250e-01,6.372177004814147949e-01,1.934181451797485352e-01,1.455953344702720642e-02,0.000000000000000000e+00,1.409965604543685913e-01,3.010162711143493652e-02,0.000000000000000000e+00,5.242158100008964539e-02,0.000000000000000000e+00
1.998837739229202271e-01,3.809145689010620117e-01,6.076124906539916992e-01,6.226269006729125977e-01,1.818936914205551147e-01,1.330398302525281906e-02,0.000000000000000000e+00,1.459250450134277344e-01,3.156849369406700134e-02,0.000000000000000000e+00,5.040241032838821411e-02,0.000000000000000000e+00
2.053964138031005859e-01,3.911467790603637695e-01,6.165092587471008301e-01,6.077753305435180664e-01,1.705058664083480835e-01,1.208788901567459106e-02,0.000000000000000000e+00,1.506578922271728516e-01,3.299840167164802551e-02,0.000000000000000000e+00,4.834177345037460327e-02,0.000000000000000000e+00
2.106223553419113159e-01,4.010601043701171875e-01,6.250959634780883789e-01,5.925935506820678711e-01,1.591952741146087646e-01,1.090468373149633408e-02,0.000000000000000000e+00,1.552238166332244873e-01,3.439971059560775757e-02,0.000000000000000000e+00,4.622954130172729492e-02,0.000000000000000000e+00
2.155874967575073242e-01,4.107090532779693604e-01,6.334245204925537109e-01,5.770044922828674316e-01,1.479060351848602295e-01,9.748971089720726013e-03,0.000000000000000000e+00,1.596467941999435425e-01,3.578003123402595520e-02,0.000000000000000000e+00,4.405411705374717712e-02,0.000000000000000000e+00
2.203092724084854126e-01,4.201396107673645020e-01,6.415408253669738770e-01,5.609244108200073242e-01,1.365865021944046021e-01,8.616624400019645691e-03,0.000000000000000000e+00,1.639460474252700806e-01,3.714619576930999756e-02,0.000000000000000000e+00,4.180246964097023010e-02,0.000000000000000000e+00
2.247956097126007080e-01,4.293891489505767822e-01,6.494849324226379395e-01,5.442637205123901367e-01,1.251904219388961792e-01,7.505011279135942459e-03,0.000000000000000000e+00,1.681356132030487061e-01,3.850421309471130371e-02,0.000000000000000000e+00,3.946016356348991394e-02,0.000000000000000000e+00
2.290438860654830933e-01,4.384851753711700439e-01,6.572912335395812988e-01,5.269290208816528320e-01,1.136792972683906555e-01,6.413377355784177780e-03,0.000000000000000000e+00,1.722236722707748413e-01,3.985912352800369263e-02,0.000000000000000000e+00,3.701135143637657166e-02,0.000000000000000000e+00
2.330383062362670898e-01,4.474435448646545410e-01,6.649887561798095703e-01,5.088265538215637207e-01,1.020262539386749268e-01,5.343480966985225677e-03,0.000000000000000000e+00,1.762110292911529541e-01,4.121471568942070007e-02,0.000000000000000000e+00,3.443895652890205383e-02,0.000000000000000000e+00
2.367464601993560791e-01,4.562651216983795166e-01,6.726009845733642578e-01,4.898688197135925293e-01,9.022258222103118896e-02,4.300591535866260529e-03,0.000000000000000000e+00,1.800891607999801636e-01,4.257307946681976318e-02,0.000000000000000000e+00,3.172504529356956482e-02,0.000000000000000000e+00

Feature: melspectrogram
3.126598522067070007e-02,3.482327982783317566e-02,3.303564712405204773e-02,1.300125848501920700e-02,1.532779633998870850e-02,3.278969228267669678e-02,5.597100779414176941e-02,4.710255935788154602e-02,4.022668674588203430e-02,3.783649578690528870e-02,3.507755696773529053e-02,4.756128415465354919e-02,7.306008040904998779e-02,6.340917944908142090e-02,9.029436856508255005e-02,9.668668359518051147e-02,1.180856302380561829e-01,1.829667836427688599e-01,1.992300748825073242e-01,5.554619431495666504e-01,1.338715076446533203e+00,2.858779668807983398e+00,5.017463684082031250e+00,6.364734268188476562e+01,1.046780929565429688e+02,1.655614662170410156e+01,1.244963765144348145e+00,2.406285107135772705e-01,2.511518299579620361e-01,2.070022821426391602e-01,1.525797545909881592e-01,9.957504272460937500e-02,9.558541327714920044e-02,5.746341124176979065e-02,2.324125729501247406e-02,3.988866508007049561e-02,4.885470494627952576e-02,1.323295943439006805e-02,2.422856912016868591e-02,2.340068481862545013e-02,1.777423731982707977e-02,2.558542601764202118e-02,2.596051245927810669e-02,3.889367729425430298e-02,1.141150109469890594e-02,4.372809082269668579e-03,1.563863009214401245e-01,4.869482815265655518e-01,1.673557907342910767e-01,2.745547145605087280e-02,2.259494923055171967e-02,1.518259104341268539e-02,1.536270417273044586e-02,1.166473515331745148e-02,9.201701730489730835e-03,5.844547413289546967e-03,7.590177468955516815e-03,2.925727749243378639e-03,1.101487316191196442e-03,1.847944804467260838e-03,2.876544371247291565e-03,3.901546448469161987e-02,3.388979136943817139e-01,7.951802015304565430e-02,8.734975941479206085e-03,1.439838204532861710e-03,4.042559303343296051e-04,1.365576172247529030e-03,1.128834788687527180e-03,7.370747043751180172e-04,1.685313909547403455e-04,7.579750381410121918e-04,7.102514500729739666e-04,1.175172161310911179e-03,2.861171669792383909e-04,2.872426703106611967e-04,2.198446600232273340e-04,1.307109196204692125e-04,3.947140648961067200e-04,2.136785769835114479e-04,2.724647638387978077e-04,4.307085182517766953e-03,2.148750936612486839e-03,2.456091169733554125e-04,1.353206462226808071e-04,1.186570079880766571e-04,2.013196935877203941e-04,3.446182701736688614e-03,1.449286378920078278e-02,1.587012433446943760e-03,3.177436883561313152e-04,1.523430546512827277e-04,9.093928383663296700e-04,8.846026845276355743e-03,1.626786217093467712e-02,2.814308274537324905e-03,2.672040427569299936e-04,4.531348531600087881e-04,4.222886054776608944e-04,2.959826961159706116e-04,4.556761632557027042e-05,2.508149736968334764e-05,4.974244075128808618e-05,3.535824944265186787e-04,1.626408484298735857e-04,6.852078513475134969e-05,3.320256655570119619e-05,1.186031440738588572e-04,3.714416743605397642e-05,1.241588142875116318e-05,1.903560405480675399e-05,1.237490869243629277e-05,2.911097362812142819e-05,1.676001375017222017e-05,1.794552736100740731e-05,1.469560720579465851e-05,7.166283921833382919e-06,1.331850762653630227e-05,8.967379471869207919e-06,8.058354069362394512e-06,3.280741657363250852e-05,9.304515515395905823e-06,7.605139217048417777e-06,4.851566245633875951e-06,3.978282620664685965e-06,2.826143372658407316e-06,2.195290107920300215e-06,7.345589665419538505e-07
8.079260587692260742e-03,9.525889530777931213e-03,1.233191881328821182e-02,3.208841197192668915e-03,4.836316220462322235e-03,1.684077270328998566e-02,2.497417293488979340e-02,1.443543564528226852e-02,1.074165664613246918e-02,1.127637084573507309e-02,1.183454785495996475e-02,1.428372506052255630e-02,3.237314149737358093e-02,1.722471415996551514e-02,3.583462536334991455e-02,3.219270706176757812e-02,3.176144883036613464e-02,6.084214150905609131e-02,3.869130834937095642e-02,1.702626794576644897e-01,4.208257794380187988e-01,1.508978605270385742e+00,1.022452640533447266e+01,1.784737396240234375e+02,1.795740203857421875e+02,1.045108604431152344e+01,3.982364535331726074e-01,1.579109430313110352e-01,8.257349580526351929e-02,8.025711774826049805e-02,6.230368465185165405e-02,2.332130633294582367e-02,3.164372220635414124e-02,1.785562932491302490e-02,1.050595100969076157e-02,2.243899926543235779e-02,3.115119226276874542e-02,1.651375740766525269e-02,1.056640036404132843e-02,8.684635162353515625e-03,1.034230832010507584e-02,1.443050615489482880e-02,3.267804905772209167e-02,4.007480293512344360e-02,2.647897601127624512e-02,2.864696979522705078e-01,6.442486643791198730e-01,4.626511037349700928e-01,9.977211803197860718e-02,7.329690270125865936e-03,1.139201596379280090e-02,6.898658350110054016e-03,8.300233632326126099e-03,7.331318687647581100e-03,1.020158082246780396e-02,1.027346774935722351e-02,6.747489329427480698e-03,4.410177934914827347e-03,5.018958356231451035e-03,3.942369483411312103e-03,2.507690340280532837e-02,2.003925740718841553e-01,6.978614926338195801e-01,4.980176314711570740e-02,8.262456394731998444e-03,3.415385726839303970e-03,7.349085644818842411e-04,1.138724735938012600e-03,7.389887468889355659e-04,8.319593616761267185e-04,2.074348740279674530e-04,1.016071415506303310e-03,2.375568263232707977e-03,1.479280181229114532e-03,2.454378700349479914e-04,5.045572179369628429e-04,3.650021390058100224e-04,2.050702896667644382e-04,6.077903090044856071e-04,5.364666576497256756e-04,2.390499692410230637e-03,8.205268532037734985e-03,2.544410526752471924e-03,3.729567688424140215e-04,2.256272709928452969e-04,1.163375709438696504e-04,3.447237424552440643e-03,4.049281403422355652e-02,5.085519328713417053e-02,1.793368370272219181e-03,5.316013121046125889e-04,3.190975985489785671e-04,3.985996823757886887e-03,4.920398443937301636e-02,3.083849325776100159e-02,2.349924296140670776e-03,3.629931597970426083e-04,2.701697812881320715e-04,6.133409333415329456e-04,4.203682183288037777e-04,6.467896309914067388e-05,7.774648111080750823e-05,1.930272119352594018e-04,6.531817489303648472e-04,1.905583776533603668e-04,7.767330680508166552e-05,1.481911895098164678e-04,3.318722592666745186e-04,7.580773672088980675e-05,4.160351818427443504e-05,7.816583092790096998e-05,3.068962541874498129e-05,3.759589890250936151e-05,1.661626265558879822e-05,1.696674371487461030e-05,1.610510298633016646e-05,1.408165735483635217e-05,2.202121322625316679e-05,1.268958112632390112e-05,1.918041016324423254e-05,4.383416671771556139e-05,1.579572744958568364e-05,7.396844466711627319e-06,4.884548616246320307e-06,5.019170657760696486e-06,5.036848051531706005e-06,2.350070417378447019e-06,2.899183755289413966e-07
2.014220262935850769e-05,3.304936399217694998e-04,1.038146903738379478e-03,2.082907827571034431e-03,2.731611020863056183e-03,4.606446716934442520e-03,8.239995688199996948e-03,3.435479942709207535e-03,5.258429329842329025e-03,5.309962667524814606e-03,3.385447664186358452e-03,3.204880747944116592e-03,1.009861007332801819e-02,8.149768225848674774e-03,8.853716775774955750e-03,1.921658031642436981e-02,9.917963296175003052e-03,8.117916993796825409e-03,6.357011385262012482e-03,5.902543663978576660e-03,2.597536332905292511e-02,3.472404181957244873e-01,5.719777297973632812e+01,1.971085968017578125e+02,4.457357788085937500e+01,1.773869395256042480e+00,8.199557662010192871e-02,7.365181297063827515e-02,7.587688043713569641e-03,5.117261409759521484e-02,2.947390824556350708e-02,7.364413235336542130e-03,6.389107089489698410e-03,5.110405385494232178e-03,1.264152117073535919e-02,9.866250678896903992e-03,1.601449772715568542e-02,3.289858996868133545e-02,1.199777983129024506e-02,6.889801006764173508e-03,9.211813099682331085e-03,8.645808324217796326e-03,3.132037818431854248e-02,3.696116060018539429e-02,5.753782019019126892e-02,1.578727722167968750e+00,1.180062294006347656e+00,2.146452814340591431e-01,1.928198896348476410e-02,4.901829641312360764e-03,1.082069613039493561e-02,6.241956260055303574e-03,3.605203703045845032e-03,4.676004406064748764e-03,6.736524403095245361e-03,9.317414835095405579e-03,5.727582611143589020e-03,6.345886737108230591e-03,5.959597881883382797e-03,5.033650901168584824e-03,1.728347241878509521e-01,3.239876627922058105e-01,2.760597467422485352e-01,2.089602872729301453e-02,5.847141146659851074e-03,5.572133697569370270e-03,1.091434969566762447e-03,1.898242975585162640e-03,8.068512543104588985e-04,5.063218995928764343e-04,1.533771137474104762e-04,4.090725909918546677e-03,4.753762390464544296e-03,1.142245717346668243e-03,4.368026566226035357e-04,4.534421314019709826e-04,3.914956760127097368e-04,1.249317137990146875e-04,3.202413208782672882e-04,1.845080871134996414e-03,6.988305132836103439e-03,5.177759565412998199e-03,7.593381451442837715e-04,2.659096498973667622e-04,1.430551201337948442e-04,1.734153192956000566e-04,2.667587995529174805e-02,7.528423517942428589e-02,2.134138345718383789e-02,6.558833993040025234e-04,9.150422993116080761e-04,4.648265312425792217e-04,1.077526994049549103e-02,4.402683675289154053e-02,1.303898729383945465e-02,2.872292883694171906e-03,4.752372333314269781e-04,2.200233720941469073e-04,4.156694340053945780e-04,1.782715116860345006e-04,6.258184293983504176e-05,2.177368296543136239e-04,7.952538435347378254e-04,1.774965057848021388e-04,7.305579492822289467e-05,1.110139055526815355e-04,3.592692955862730742e-04,1.349716621916741133e-04,3.581573037081398070e-05,8.186278137145563960e-05,1.217086028191260993e-04,3.102830305579118431e-05,2.012404002016410232e-05,1.691111719992477447e-05,1.292828710575122386e-05,1.123436777561437339e-05,1.133206387748941779e-05,1.266598064830759540e-05,1.196674747916404158e-05,1.168569269793806598e-05,1.184541270049521700e-05,2.647092514962423593e-05,9.486568160355091095e-06,4.044330580654786900e-06,3.022987129952525720e-06,4.659213573177112266e-06,2.609960574773140252e-06,1.192781411418764037e-07
2.077081990137230605e-05,2.298579784110188484e-04,2.030273666605353355e-03,2.815598156303167343e-03,2.402233425527811050e-03,4.054448101669549942e-03,8.089234121143817902e-03,3.951439168304204941e-03,3.667388111352920532e-03,5.429399665445089340e-03,7.558212964795529842e-04,2.003328874707221985e-03,5.805289372801780701e-03,9.076576679944992065e-03,3.374802414327859879e-03,1.806635409593582153e-02,8.179766125977039337e-03,8.542724885046482086e-03,5.189911928027868271e-03,6.306059192866086960e-03,2.702873200178146362e-02,2.622376084327697754e-01,5.837812423706054688e+01,1.794163665771484375e+02,1.176185417175292969e+01,4.631323218345642090e-01,3.159300982952117920e-02,2.479831688106060028e-02,1.700077205896377563e-02,2.848574705421924591e-02,1.480742078274488449e-02,1.214765571057796478e-02,3.070825524628162384e-02,1.063543371856212616e-02,1.687121577560901642e-02,8.840746246278285980e-03,3.400704264640808105e-02,3.392864391207695007e-02,1.319092046469449997e-02,1.330808922648429871e-02,4.748280625790357590e-03,7.695701438933610916e-03,2.288701198995113373e-02,2.941725775599479675e-02,7.453687489032745361e-02,1.486937284469604492e+00,1.444670438766479492e+00,1.799858808517456055e-01,1.564536057412624359e-02,6.603632587939500809e-03,9.615886025130748749e-03,3.918728325515985489e-03,5.244865082204341888e-03,3.595038782805204391e-03,4.755526781082153320e-03,5.293803289532661438e-03,4.752235021442174911e-03,1.251669414341449738e-02,4.489514511078596115e-03,7.206215523183345795e-03,1.647271811962127686e-01,5.129358172416687012e-01,8.190433681011199951e-02,1.678878068923950195e-02,3.715734696015715599e-03,3.009862732142210007e-03,7.933437009342014790e-04,2.559743355959653854e-03,1.098638284020125866e-03,7.081872317939996719e-04,1.407919917255640030e-04,5.870416760444641113e-03,7.722374517470598221e-03,5.806822446174919605e-04,2.934588701464235783e-04,2.237370354123413563e-04,2.520014531910419464e-04,1.475974277127534151e-04,1.624288561288267374e-04,1.710968790575861931e-03,7.268285378813743591e-03,1.884663011878728867e-03,6.927366484887897968e-04,3.001309523824602365e-04,3.223314706701785326e-04,1.849961263360455632e-04,2.437197603285312653e-02,1.224792525172233582e-01,1.177728362381458282e-02,5.999279674142599106e-04,6.473678513430058956e-04,2.528012264519929886e-04,6.228504702448844910e-03,1.413391903042793274e-02,9.649342973716557026e-04,2.775405067950487137e-03,1.711212331429123878e-03,2.250164689030498266e-04,4.512242157943546772e-04,1.186815861728973687e-04,9.989772661356255412e-05,1.726663613226264715e-04,6.101278122514486313e-04,1.751923700794577599e-04,1.560724049340933561e-04,1.165604771813377738e-04,4.067365080118179321e-04,8.800892828730866313e-05,3.572980858734808862e-05,4.904879824607633054e-05,5.877001967746764421e-05,1.961099405889399350e-05,1.685137794993352145e-05,1.926721415657084435e-05,1.710729702608659863e-05,2.534371196816209704e-05,1.657384200370870531e-05,9.782035704120062292e-06,9.941587450157385319e-06,7.600833214382873848e-06,8.356688340427353978e-06,2.358237725275103003e-05,9.391633284394629300e-06,6.676914836134528741e-06,5.068904101790394634e-06,4.590648586599854752e-06,3.301516699139028788e-06,2.164889281175419455e-07
1.651517959544435143e-05,9.765172580955550075e-05,2.412675647065043449e-03,8.971136994659900665e-03,8.857323788106441498e-03,4.268556833267211914e-03,2.341465791687369347e-03,1.378715387545526028e-03,2.131405286490917206e-03,2.388157881796360016e-03,1.162950415164232254e-03,1.319024129770696163e-03,1.367350458167493343e-03,2.797559369355440140e-03,5.643505603075027466e-03,1.310084573924541473e-02,4.001708701252937317e-03,1.414187066256999969e-02,4.065972287207841873e-03,8.484052494168281555e-03,2.461133711040019989e-02,3.855005800724029541e-01,3.236263275146484375e+01,1.917906646728515625e+02,2.868100547790527344e+01,1.844988763332366943e-01,4.437840729951858521e-02,2.236759476363658905e-02,1.562971621751785278e-02,3.001157194375991821e-02,1.502830162644386292e-02,1.337404362857341766e-02,1.936566829681396484e-02,1.149677112698554993e-02,7.491758558899164200e-03,8.665367029607295990e-03,3.760915622115135193e-02,5.023644492030143738e-02,1.070706825703382492e-02,1.919997669756412506e-02,1.255548279732465744e-02,8.908080868422985077e-03,1.024244632571935654e-02,2.114204689860343933e-02,4.937046021223068237e-02,9.128152132034301758e-01,1.572640419006347656e+00,1.916935443878173828e-01,1.992558874189853668e-02,8.115086704492568970e-03,8.806491270661354065e-03,3.094134153798222542e-03,2.801120048388838768e-03,2.964584389701485634e-03,9.809933602809906006e-03,2.082867547869682312e-03,5.077016539871692657e-03,1.562206540256738663e-02,3.829891327768564224e-03,7.811934687197208405e-03,1.014849096536636353e-01,8.072603940963745117e-01,7.025758922100067139e-02,1.532208081334829330e-02,1.997099258005619049e-03,2.385442610830068588e-03,2.694020979106426239e-03,4.117745906114578247e-03,1.349537400528788567e-03,1.203753636218607426e-03,2.244167262688279152e-04,6.014131940901279449e-03,9.628329426050186157e-03,8.924975409172475338e-04,4.609455354511737823e-04,3.528486704453825951e-04,2.814075269270688295e-04,2.538300177548080683e-04,2.641434257384389639e-04,6.174542941153049469e-04,3.902577795088291168e-03,6.443676538765430450e-04,2.811810991261154413e-04,3.523556806612759829e-04,6.682373350486159325e-04,1.723531604511663318e-04,9.181029163300991058e-03,1.657289117574691772e-01,1.586297899484634399e-02,1.223644474521279335e-03,1.272420980967581272e-03,1.326657948084175587e-04,2.835798310115933418e-03,1.201649941504001617e-02,5.862193647772073746e-04,3.765270579606294632e-03,2.681878162547945976e-03,9.594662114977836609e-04,1.909844228066504002e-03,1.990964810829609632e-04,1.578464143676683307e-04,2.039463142864406109e-04,4.711592046078294516e-04,2.975851530209183693e-04,4.337702121119946241e-04,1.685527240624651313e-04,4.558461951091885567e-04,1.218379766214638948e-04,5.453241465147584677e-05,5.167028939467854798e-05,4.855019506067037582e-05,2.376612610532902181e-05,2.704780126805417240e-05,1.612478263268712908e-05,1.757531390467192978e-05,3.903326796717010438e-05,2.131436667696107179e-05,1.491729108238359913e-05,1.556746792630292475e-05,1.149401305156061426e-05,1.334653643425554037e-05,1.410890581610146910e-05,6.539105015690438449e-06,9.767742994881700724e-06,8.950444680522195995e-06,6.473790563177317381e-06,3.321412805235013366e-06,2.571798631834099069e-07
9.022175618156325072e-06,8.874120248947292566e-05,4.332230892032384872e-03,1.091048680245876312e-02,8.090573363006114960e-03,2.190823666751384735e-03,2.622904721647500992e-03,8.946156594902276993e-04,6.062049651518464088e-04,2.590350108221173286e-03,1.003326009958982468e-02,2.928029512986540794e-03,6.059326697140932083e-04,1.503041014075279236e-03,3.998132422566413879e-03,3.863062243908643723e-03,3.759128972887992859e-03,1.267167367041110992e-02,5.623537581413984299e-03,2.396473428234457970e-03,8.660844527184963226e-03,5.260167121887207031e-01,5.110008621215820312e+01,1.460579376220703125e+02,1.792080307006835938e+01,2.348539382219314575e-01,8.655808120965957642e-02,1.555650029331445694e-02,1.104617584496736526e-02,2.603394910693168640e-02,1.467049494385719299e-02,7.372757419943809509e-03,6.424073595553636551e-03,1.380941085517406464e-02,5.939669441431760788e-03,8.511662483215332031e-03,2.621720172464847565e-02,3.898465260863304138e-02,1.998096937313675880e-03,3.478167112916707993e-03,1.371516939252614975e-02,1.553003303706645966e-02,4.866869188845157623e-03,9.334732778370380402e-03,2.488221377134323120e-01,2.580652713775634766e+00,1.610595226287841797e+00,1.353182941675186157e-01,2.048280462622642517e-02,9.489174000918865204e-03,6.829429883509874344e-03,1.190818846225738525e-03,1.271702349185943604e-03,3.261741716414690018e-03,4.322497639805078506e-03,2.034687437117099762e-03,6.054305005818605423e-03,1.058287359774112701e-02,3.143051173537969589e-03,1.671652309596538544e-02,3.321805298328399658e-01,5.913563966751098633e-01,5.748067796230316162e-02,1.536724716424942017e-02,4.607695154845714569e-03,3.026842838153243065e-03,2.657675882801413536e-03,1.758408965542912483e-03,1.730336691252887249e-03,1.216992503032088280e-03,8.639374864287674427e-04,1.292970776557922363e-02,1.161763165146112442e-02,1.332832500338554382e-03,6.132760317996144295e-04,3.502074978314340115e-04,2.214310952695086598e-04,3.636664187069982290e-04,5.083668511360883713e-04,8.747844840399920940e-04,2.704929094761610031e-03,4.600977117661386728e-04,1.961955276783555746e-04,3.480820450931787491e-04,2.699241740629076958e-04,4.442520730663090944e-04,4.431626945734024048e-02,9.405789524316787720e-02,2.796843647956848145e-03,8.823765674605965614e-04,1.329190097749233246e-03,2.518541004974395037e-04,2.380782738327980042e-03,5.432683043181896210e-03,2.659965539351105690e-04,1.625190954655408859e-03,1.408562064170837402e-03,8.885030634701251984e-03,3.975811880081892014e-03,1.310467341681942344e-04,8.449930464848875999e-05,5.326326936483383179e-04,1.124912174418568611e-03,1.908779668156057596e-04,2.288649411639198661e-04,3.869217180181294680e-04,7.769410149194300175e-04,9.952999243978410959e-05,6.941387255210429430e-05,6.593400757992640138e-05,4.917558908346109092e-05,2.842839967343024909e-05,4.976815034751780331e-05,2.427975960017647594e-05,1.950248224602546543e-05,2.418127587588969618e-05,2.364167994528543204e-05,2.924685759353451431e-05,1.601836265763267875e-05,1.654183870414271951e-05,1.924344178405590355e-05,1.422593595634680241e-05,8.946679372456856072e-06,8.690248250786680728e-06,1.283106485061580315e-05,8.974055162980221212e-06,3.712895249918801710e-06,3.651214797173452098e-07
9.332753506896551698e-06,1.868569088401272893e-04,3.036889946088194847e-03,1.324508897960186005e-02,6.817600689828395844e-03,3.604362020269036293e-03,2.530564321205019951e-03,9.329687454737722874e-04,3.076927969232201576e-03,4.162940662354230881e-03,1.310767605900764465e-02,3.092166502028703690e-03,1.994180493056774139e-03,2.122590318322181702e-03,2.089723246172070503e-03,1.587932696565985680e-03,9.423667215742170811e-04,4.259217530488967896e-03,3.389102173969149590e-03,1.506669446825981140e-02,2.602248489856719971e-01,4.283608913421630859e+00,7.881710052490234375e+01,6.861066436767578125e+01,2.390984773635864258e+00,2.223118990659713745e-01,1.753618754446506500e-02,6.435077637434005737e-03,8.446484804153442383e-03,1.426868140697479248e-02,5.084616132080554962e-03,1.304287277162075043e-02,1.891542226076126099e-02,1.107495278120040894e-02,1.044841390103101730e-02,7.910052314400672913e-03,1.500058826059103012e-02,1.555045787245035172e-02,8.507632301189005375e-04,4.223473835736513138e-03,8.748527616262435913e-03,3.463219478726387024e-02,1.320616304874420166e-01,3.100333809852600098e-01,1.386796474456787109e+00,2.882921934127807617e+00,4.387609362602233887e-01,3.177861124277114868e-02,2.556258626282215118e-02,8.027923293411731720e-03,7.398511283099651337e-03,7.101845927536487579e-03,4.022791050374507904e-03,5.323160439729690552e-03,3.837171476334333420e-03,4.677801392972469330e-03,1.962697831913828850e-03,9.173648431897163391e-03,1.689171046018600464e-02,1.062942668795585632e-01,4.814097285270690918e-01,2.078056335449218750e-01,4.105466604232788086e-02,1.528637763112783432e-02,4.948018584400415421e-03,1.358406618237495422e-03,1.413679798133671284e-03,9.465960320085287094e-04,1.457112841308116913e-03,5.779171478934586048e-04,6.178269628435373306e-03,1.982362382113933563e-02,1.165802963078022003e-02,4.757142742164433002e-04,2.782178344205021858e-04,2.796821354422718287e-04,1.639204419916495681e-04,2.806356060318648815e-04,2.713732828851789236e-04,1.565532991662621498e-03,1.962037989869713783e-03,4.321524465922266245e-04,2.614446566440165043e-04,1.832562556955963373e-04,2.300684864167124033e-04,4.499775357544422150e-03,5.247348546981811523e-02,2.527106739580631256e-02,7.385101635009050369e-04,1.065658638253808022e-03,1.504570245742797852e-03,2.217003842815756798e-03,3.626829944550991058e-03,4.180514253675937653e-03,4.539649817161262035e-04,7.600524113513529301e-04,7.948000915348529816e-03,1.909133233129978180e-02,1.867008162662386894e-03,1.226454769494011998e-04,1.511937734903767705e-04,9.397942922078073025e-04,9.993835119530558586e-04,1.512171293143182993e-04,2.066828747047111392e-04,7.400514441542327404e-04,5.308685940690338612e-04,1.169750976259820163e-04,8.847724529914557934e-05,7.064806413836777210e-05,3.877932613249868155e-05,3.019639734702650458e-05,3.724026464624330401e-05,1.996279752347618341e-05,1.777535726432688534e-05,2.145347571058664471e-05,2.135613431164529175e-05,2.682216108951251954e-05,1.713530582492239773e-05,1.394007085764314979e-05,1.466679350414779037e-05,1.124342998082283884e-05,9.544934073346666992e-06,7.685529453738126904e-06,1.449541377951391041e-05,1.999336745939217508e-05,4.787107627635123208e-06,4.889334377367049456e-07
1.474091732234228402e-05,2.685571962501853704e-04,2.306052250787615776e-03,4.399335943162441254e-03,6.949373986572027206e-03,1.341444440186023712e-03,1.164795481599867344e-03,1.534282346256077290e-03,5.400512367486953735e-03,3.743738634511828423e-03,6.035002414137125015e-03,3.794812597334384918e-03,1.111830119043588638e-03,2.194867003709077835e-03,2.085972344502806664e-03,1.196176744997501373e-03,3.288149135187268257e-03,1.922707422636449337e-03,4.425148013979196548e-03,3.019432425498962402e-01,9.628981590270996094e+00,4.336104583740234375e+01,3.722371292114257812e+01,1.419119358062744141e+01,7.007915377616882324e-01,5.599318444728851318e-02,4.224102478474378586e-03,1.469982415437698364e-02,3.593681752681732178e-02,4.793936759233474731e-02,1.040432304143905640e-01,1.003384143114089966e-01,5.666290223598480225e-02,1.971306651830673218e-02,1.094941142946481705e-02,1.118355989456176758e-02,1.104390062391757965e-02,1.863951794803142548e-02,5.458724219352006912e-03,2.735891379415988922e-02,8.289618045091629028e-02,7.700475454330444336e-01,2.456378936767578125e+00,3.356682062149047852e+00,1.700815200805664062e+00,7.629783153533935547e-01,2.863677144050598145e-01,1.250477787107229233e-02,2.282571233808994293e-02,4.049649462103843689e-02,5.314673855900764465e-02,6.307176500558853149e-02,1.797980442643165588e-02,1.715442538261413574e-02,1.086331158876419067e-02,1.530724111944437027e-02,3.278672695159912109e-02,1.409551501274108887e-01,1.248987987637519836e-01,1.478257775306701660e-01,1.688401401042938232e-01,1.332876682281494141e-01,3.889084234833717346e-02,2.968441322445869446e-02,1.470146328210830688e-02,4.203823395073413849e-03,4.753555171191692352e-03,5.499953404068946838e-03,4.974981304258108139e-03,2.090865280479192734e-03,9.181622415781021118e-03,9.446567855775356293e-03,8.704009465873241425e-03,4.857025342062115669e-04,3.513051196932792664e-04,4.641194536816328764e-04,2.149370848201215267e-04,1.350128441117703915e-04,4.480758216232061386e-04,8.077609818428754807e-04,1.136421575210988522e-03,4.317346611060202122e-04,3.265592968091368675e-04,1.518825010862201452e-04,4.046059329994022846e-04,5.399523768573999405e-03,1.978155411779880524e-02,1.523561775684356689e-02,3.978796303272247314e-03,3.013484412804245949e-03,2.802951959893107414e-03,4.369156435132026672e-03,5.454200319945812225e-03,4.456465132534503937e-03,2.906709909439086914e-03,2.269596559926867485e-03,1.211800798773765564e-02,9.428479708731174469e-03,1.020827563479542732e-03,2.205996861448511481e-04,3.772446361836045980e-04,8.073219214566051960e-04,8.045149152167141438e-04,2.769909333437681198e-04,2.199426671722903848e-04,5.933714564889669418e-04,4.856458981521427631e-04,3.561173798516392708e-04,1.209530601045116782e-04,9.920037700794637203e-05,5.802714804303832352e-05,3.781784471357241273e-05,2.297947503393515944e-05,2.322501131857279688e-05,1.536853051220532507e-05,1.820858415157999843e-05,1.222777791554108262e-05,1.680414970905985683e-05,1.611373772902879864e-05,1.062473529600538313e-05,1.060680369846522808e-05,1.471579707867931575e-05,1.015557791106402874e-05,6.288005806709406897e-06,1.300458643527235836e-05,1.520575278846081346e-05,4.783326403412502259e-06,4.302460183680523187e-07
2.631038296385668218e-05,2.823697286657989025e-04,1.017111237160861492e-03,2.220131922513246536e-03,2.381026744842529297e-03,8.430739981122314930e-04,3.664313582703471184e-03,3.180097322911024094e-03,2.516093896701931953e-03,1.220148149877786636e-02,2.089314535260200500e-02,1.113218255341053009e-02,7.547998102381825447e-04,2.335676690563559532e-03,2.381377154961228371e-03,1.854655100032687187e-03,4.932426847517490387e-03,5.626968573778867722e-03,3.530017286539077759e-02,3.157245874404907227e+00,2.694801139831542969e+01,4.771622085571289062e+01,1.636579322814941406e+01,4.024191379547119141e+00,8.963776230812072754e-01,2.412636578083038330e-02,5.393128842115402222e-03,1.328761409968137741e-02,5.550188198685646057e-02,1.509425640106201172e+00,3.138017177581787109e+00,6.871128082275390625e-01,9.432391822338104248e-02,1.446791645139455795e-02,4.178858362138271332e-03,7.368497084826231003e-03,1.401021797209978104e-02,2.544554322957992554e-02,1.207360904663801193e-02,1.057187095284461975e-01,3.077859580516815186e-01,1.686567902565002441e+00,2.241811990737915039e+00,2.566942691802978516e+00,7.631570696830749512e-01,5.396937131881713867e-01,2.694733440876007080e-01,1.230682246387004852e-02,2.071780562400817871e-01,2.468326985836029053e-01,7.687750458717346191e-02,7.493964582681655884e-02,1.341187395155429840e-02,7.061047013849020004e-03,1.277608517557382584e-02,6.764711439609527588e-02,6.512957066297531128e-02,1.622034013271331787e-01,7.491551339626312256e-02,3.576260805130004883e-02,1.032454818487167358e-01,1.571293473243713379e-01,9.743647277355194092e-02,5.911865085363388062e-02,1.343076396733522415e-02,1.072751265019178391e-02,7.112891972064971924e-02,2.205703593790531158e-02,1.084204018115997314e-02,2.732670865952968597e-03,2.616921206936240196e-03,4.129803739488124847e-03,4.319870844483375549e-03,4.817385924980044365e-04,4.879761545453220606e-04,5.529703339561820030e-04,2.724593214225023985e-04,1.590683823451399803e-04,8.411416783928871155e-04,5.435038474388420582e-04,1.672940910793840885e-03,1.516786869615316391e-03,6.049129297025501728e-04,1.058628331520594656e-04,3.985682851634919643e-04,1.553680514916777611e-03,4.743724595755338669e-03,2.262699231505393982e-02,7.268133107572793961e-03,4.270372912287712097e-03,3.180959261953830719e-03,2.433094661682844162e-03,3.641698276624083519e-03,2.540795598179101944e-03,3.727185772731900215e-03,1.881161471828818321e-03,3.604513825848698616e-03,1.678628032095730305e-03,7.544553373008966446e-04,2.096383395837619901e-04,3.107623197138309479e-04,4.526718403212726116e-04,3.361127455718815327e-04,3.287595754954963923e-04,2.279165928484871984e-04,3.364158328622579575e-04,5.324389785528182983e-04,4.371159302536398172e-04,2.174070978071540594e-04,8.593926031608134508e-05,4.787915531778708100e-05,5.098749898024834692e-05,4.044331217301078141e-05,2.131822475348599255e-05,1.820807301555760205e-05,1.583294033480342478e-05,9.554063581163063645e-06,1.237258766195736825e-05,1.379900368192465976e-05,8.621580491308122873e-06,7.773299330438021570e-06,1.860134761955123395e-05,8.525727935193572193e-06,7.321437806240282953e-06,1.311660253122681752e-05,8.686931323609314859e-06,3.374824700586032122e-06,3.928469709535420407e-07
3.057152207475155592e-05,2.054475044133141637e-04,6.637414335273206234e-04,8.600711007602512836e-04,3.526437561959028244e-03,2.211966551840305328e-03,5.472262389957904816e-03,5.664231255650520325e-03,2.915468998253345490e-03,2.627319097518920898e-02,1.292906794697046280e-02,7.157433312386274338e-03,2.045040018856525421e-03,1.356906723231077194e-03,1.227807602845132351e-03,2.796895802021026611e-03,2.753604436293244362e-03,4.557530861347913742e-03,7.062436640262603760e-02,8.163679122924804688e+00,1.317752742767333984e+01,7.669137954711914062e+00,8.281115531921386719e+00,1.183160495758056641e+01,1.018585443496704102e+00,1.709794066846370697e-02,7.021729368716478348e-03,3.868432343006134033e-02,1.299944519996643066e-01,5.382471084594726562e+00,7.930954933166503906e+00,5.039227008819580078e-01,3.105806559324264526e-02,6.448635365813970566e-03,4.784989170730113983e-03,2.571746008470654488e-03,7.894287817180156708e-03,7.908869534730911255e-03,8.048715069890022278e-03,2.636249959468841553e-01,6.898962855339050293e-01,4.061562120914459229e-01,4.089487791061401367e-01,3.806721866130828857e-01,4.394020438194274902e-01,5.404280424118041992e-01,1.347018182277679443e-01,7.176285237073898315e-02,5.520904660224914551e-01,2.333255559206008911e-01,2.540897764265537262e-02,2.630349993705749512e-02,2.964162966236472130e-03,3.089778358116745949e-03,2.244401909410953522e-02,1.365312784910202026e-01,3.944354876875877380e-02,3.292561694979667664e-02,8.967807516455650330e-03,1.764491200447082520e-02,1.485931873321533203e-01,2.042855918407440186e-01,5.356637388467788696e-02,2.817976474761962891e-02,1.504984404891729355e-02,6.281036883592605591e-02,1.892691105604171753e-01,1.924008131027221680e-02,5.245349369943141937e-03,1.742838532663881779e-03,2.041998784989118576e-03,3.876767121255397797e-03,1.624761032871901989e-03,5.253981798887252808e-04,1.815828378312289715e-03,5.954044172540307045e-04,5.211425595916807652e-04,5.167644121684134007e-04,7.245874148793518543e-04,3.166703681927174330e-04,9.921354940161108971e-04,2.531143138185143471e-03,7.921336800791323185e-04,1.255271054105833173e-04,2.477477537468075752e-04,7.038175826892256737e-04,5.307147745043039322e-03,2.399565838277339935e-02,3.784044180065393448e-03,3.845467930659651756e-03,2.736274618655443192e-03,9.942204924300312996e-04,1.641759183257818222e-03,6.406190805137157440e-04,2.558207372203469276e-03,1.055634696967899799e-03,6.992932176217436790e-04,2.661634352989494801e-04,4.095555341336876154e-04,2.515539526939392090e-04,1.695598330115899444e-04,2.483942953404039145e-04,2.885545545723289251e-04,3.405701427254825830e-04,3.732529585249722004e-04,2.829469740390777588e-04,2.972313377540558577e-04,2.912825439125299454e-04,1.611739571671932936e-04,5.055961082689464092e-05,2.732209395617246628e-05,3.375256710569374263e-05,4.195257133687846363e-05,1.930284815898630768e-05,2.809465695463586599e-05,2.003715962928254157e-05,9.820657396630849689e-06,1.053613959811627865e-05,1.333369527856120840e-05,8.539891496184282005e-06,8.121100108837708831e-06,9.928803592629265040e-06,7.179819931479869410e-06,7.899850970716215670e-06,6.223715899977833033e-06,6.966754881432279944e-06,2.715092705329880118e-06,1.756853009737824323e-07
1.775648706825450063e-05,1.021736097754910588e-04,4.146289429627358913e-04,1.293017528951168060e-03,2.566728042438626289e-03,8.882211986929178238e-04,1.679646316915750504e-03,1.684083254076540470e-03,2.862820867449045181e-03,2.337914146482944489e-02,4.039404448121786118e-03,1.376596395857632160e-03,2.557122847065329552e-03,1.727080903947353363e-03,1.889748265966773033e-03,1.742622465826570988e-03,1.871408079750835896e-03,1.023924560286104679e-03,2.073264420032501221e-01,1.083147430419921875e+01,5.823764801025390625e+00,8.182346343994140625e+00,6.030949592590332031e+00,9.166528701782226562e+00,5.558786392211914062e-01,2.451576106250286102e-02,8.314375765621662140e-03,4.195284098386764526e-02,5.574321150779724121e-01,9.175479888916015625e+00,4.688385009765625000e+00,2.068299800157546997e-01,4.430858045816421509e-02,1.312648598104715347e-02,4.042390268296003342e-03,8.219501003623008728e-03,1.675659604370594025e-02,1.151117216795682907e-02,2.731400169432163239e-02,3.666226565837860107e-01,4.257584512233734131e-01,1.320327967405319214e-01,1.075808256864547729e-01,1.535328477621078491e-01,2.559223771095275879e-01,1.473353952169418335e-01,3.476718440651893616e-02,1.946979314088821411e-01,4.585253894329071045e-01,4.897110164165496826e-02,9.504457004368305206e-03,1.421654969453811646e-02,1.058134017512202263e-03,6.284662522375583649e-03,7.651282846927642822e-02,8.235811442136764526e-02,2.083135955035686493e-02,1.768801361322402954e-02,5.610936786979436874e-03,1.561567839235067368e-02,1.281348913908004761e-01,6.829901039600372314e-02,2.000700682401657104e-02,8.685343898832798004e-03,1.416364498436450958e-02,1.861626207828521729e-01,1.367475837469100952e-01,1.106085442006587982e-02,3.177342703565955162e-03,2.192138694226741791e-03,3.834231523796916008e-03,2.313694218173623085e-03,1.674454077146947384e-03,2.370099071413278580e-03,3.122017253190279007e-03,8.180654258467257023e-04,5.131098441779613495e-04,9.501280728727579117e-04,6.072794785723090172e-04,2.129052300006151199e-04,1.345974276773631573e-03,1.862457022070884705e-03,6.403368897736072540e-04,2.199758309870958328e-04,2.569015196058899164e-04,7.009815308265388012e-04,1.118656527251005173e-02,1.310045365244150162e-02,2.061445033177733421e-03,2.295093378052115440e-03,1.208462868817150593e-03,7.973949541337788105e-04,8.417280623689293861e-04,1.226923428475856781e-03,1.840902725234627724e-03,7.415476720780134201e-04,5.371123552322387695e-04,2.334871824132278562e-04,2.894171338994055986e-04,1.727986527839675546e-04,1.518284843768924475e-04,1.808541273931041360e-04,1.808643719414249063e-04,4.981632810086011887e-04,2.331372816115617752e-04,1.338084548478946090e-04,1.673249935265630484e-04,2.195538108935579658e-04,1.491129514761269093e-04,3.317755908938124776e-05,1.314353539783041924e-05,1.309562321694102138e-05,2.293461147928610444e-05,1.186342888104263693e-05,1.337900903308764100e-05,1.283190795220434666e-05,7.495284080505371094e-06,8.876410902303177863e-06,1.299284758715657517e-05,7.985151569300796837e-06,1.016492205963004380e-05,7.613421530550112948e-06,6.180580840009497479e-06,4.834679202758707106e-06,4.488862032303586602e-06,5.001517820346634835e-06,2.409003627690253779e-06,2.003997678912128322e-07
2.265451985294930637e-05,5.835658885189332068e-05,8.611181983724236488e-04,2.307747490704059601e-03,9.610013803467154503e-04,8.324806112796068192e-04,5.168255884200334549e-04,5.735888262279331684e-04,3.106673248112201691e-03,1.530522108078002930e-02,6.571074947714805603e-03,1.464622793719172478e-03,1.523213926702737808e-03,4.805753473192453384e-03,3.787794150412082672e-03,1.246660947799682617e-03,8.436337229795753956e-04,6.095623248256742954e-04,1.163064092397689819e-01,9.920166969299316406e+00,1.518642520904541016e+01,7.827829837799072266e+00,2.651993513107299805e+00,4.004680156707763672e+00,6.262906789779663086e-01,1.775385253131389618e-02,4.217290785163640976e-03,2.051171287894248962e-02,5.028817057609558105e-01,4.779773235321044922e+00,3.829523086547851562e+00,9.235058426856994629e-01,3.720135614275932312e-02,3.620960516855120659e-03,2.470641396939754486e-03,8.058137260377407074e-03,7.027349434792995453e-03,7.978048175573348999e-03,2.253901585936546326e-02,1.637285947799682617e-01,4.905596077442169189e-01,4.427569508552551270e-01,1.722764074802398682e-01,8.487352728843688965e-02,5.997351929545402527e-02,7.783098518848419189e-02,1.809245906770229340e-02,7.202077656984329224e-02,2.260208278894424438e-01,2.136370092630386353e-01,2.338462136685848236e-02,7.181941997259855270e-03,1.128912088461220264e-03,2.105973893776535988e-03,3.228341788053512573e-02,5.682276189327239990e-02,5.472639575600624084e-02,2.129906415939331055e-02,5.475393030792474747e-03,1.153817772865295410e-02,3.971133008599281311e-02,6.273669004440307617e-02,6.303828209638595581e-02,1.128673087805509567e-02,3.775718389078974724e-03,1.018867865204811096e-01,1.305696815252304077e-01,5.942320078611373901e-02,5.054261069744825363e-03,1.880296622402966022e-03,2.038703765720129013e-03,9.702221141196787357e-04,1.700973720289766788e-03,2.025168854743242264e-03,2.416551345959305763e-03,1.356577267870306969e-03,2.891077892854809761e-04,7.707045297138392925e-04,1.021140022203326225e-03,7.776179118081927299e-04,1.012771390378475189e-03,2.494034124538302422e-03,2.622575499117374420e-03,2.893731580115854740e-04,2.728362160269171000e-04,5.245766369625926018e-04,9.724577888846397400e-03,1.285805646330118179e-02,2.361489227041602135e-03,1.921524177305400372e-03,1.743792905472218990e-03,1.164108980447053909e-03,5.554222152568399906e-04,1.222788589075207710e-03,1.945910742506384850e-03,1.112782629206776619e-03,4.068592388648539782e-04,1.337296125711873174e-04,1.991785102291032672e-04,1.253955269930884242e-04,6.799134280299767852e-05,9.971572580980136991e-05,7.365619967458769679e-05,2.700030745472759008e-04,2.136889088433235884e-04,9.606040839571505785e-05,1.306230842601507902e-04,1.241066347574815154e-04,1.034365122905001044e-04,1.909546335809864104e-05,7.989621735760010779e-06,1.118241289077559486e-05,1.938105924637056887e-05,9.759341082826722413e-06,7.696064130868762732e-06,7.548027042503235862e-06,9.496714483248069882e-06,9.863703780865762383e-06,1.264593447558581829e-05,9.319302989752031863e-06,9.152692655334249139e-06,1.126356073655188084e-05,7.564089628431247547e-06,2.918829295595060103e-06,3.903428478224668652e-06,3.096561613347148523e-06,1.393371235280937981e-06,1.818649906226710300e-07
1.692011755949351937e-05,1.154488709289580584e-04,1.306075253523886204e-03,3.560656914487481117e-03,2.557532628998160362e-03,8.343689842149615288e-04,8.705626241862773895e-04,7.262315484695136547e-04,2.001622458919882774e-03,9.681317023932933807e-03,4.884858615696430206e-03,1.238879049196839333e-03,4.811655730009078979e-03,7.688830606639385223e-03,2.174714114516973495e-03,1.068542827852070332e-03,2.186347410315647721e-04,1.040489412844181061e-03,4.687180370092391968e-02,3.342200994491577148e+00,1.884812736511230469e+01,3.190983963012695312e+01,1.917728424072265625e+01,3.552458047866821289e+00,2.630377411842346191e-01,7.258480414748191833e-03,6.191243417561054230e-03,1.361784338951110840e-02,1.188463792204856873e-01,1.130424261093139648e+00,3.158107042312622070e+00,1.138770461082458496e+00,2.791860885918140411e-02,9.856616146862506866e-03,2.210565144196152687e-03,5.856060888618230820e-03,1.352811232209205627e-02,1.419550273567438126e-02,1.239903364330530167e-02,6.399888545274734497e-02,3.889561593532562256e-01,3.628257811069488525e-01,3.890143334865570068e-01,7.062393426895141602e-01,4.139998555183410645e-01,5.722045153379440308e-02,1.350944302976131439e-02,2.369816973805427551e-02,1.400200724601745605e-01,1.772423386573791504e-01,3.183642029762268066e-02,1.098803710192441940e-02,6.653112359344959259e-03,1.677635591477155685e-03,3.016897011548280716e-03,3.947719931602478027e-02,6.173101440072059631e-02,1.891129463911056519e-02,3.277684375643730164e-02,4.000064358115196228e-02,3.426998108625411987e-02,4.086704552173614502e-02,4.835239425301551819e-02,1.687661558389663696e-02,5.554980132728815079e-03,4.487463086843490601e-02,8.835264295339584351e-02,5.734484642744064331e-02,5.251746159046888351e-03,2.370234346017241478e-03,2.463118173182010651e-03,1.147772185504436493e-03,1.284020952880382538e-03,1.186041277833282948e-03,1.851930399425327778e-03,2.275381702929735184e-03,2.968204789794981480e-04,6.672474555671215057e-04,1.317639835178852081e-03,1.242036232724785805e-03,8.909641182981431484e-04,2.003020374104380608e-03,2.708973828703165054e-03,4.361657775007188320e-04,5.024676211178302765e-04,8.236466092057526112e-04,8.050104603171348572e-03,5.878278519958257675e-03,1.692823832854628563e-03,1.113863196223974228e-03,7.922445074655115604e-04,7.013630238361656666e-04,5.623496253974735737e-04,9.027119958773255348e-04,1.005696365609765053e-03,9.357374510727822781e-04,2.464819699525833130e-04,7.085933611961081624e-05,9.818049875320866704e-05,7.639982504770159721e-05,4.930585782858543098e-05,6.630115240113809705e-05,4.774911212734878063e-05,1.533385075163096189e-04,1.522394450148567557e-04,7.444730727002024651e-05,1.869189582066610456e-04,1.140272215707227588e-04,5.277018499327823520e-05,1.913174673973117024e-05,1.197108213091269135e-05,1.706634611764457077e-05,8.872948455973528326e-06,9.776634215086232871e-06,8.011675163288600743e-06,7.908804036560468376e-06,1.195895765704335645e-05,7.704139534325804561e-06,7.707039003435056657e-06,9.767584742803592235e-06,1.287795930693391711e-05,1.569522100908216089e-05,6.814679636590881273e-06,3.470162937446730211e-06,3.480222403595689684e-06,1.689196437837381382e-06,1.152953245764365420e-06,1.235304125657421537e-07
2.311350544914603233e-05,8.549302583560347557e-05,1.697348314337432384e-03,6.615720689296722412e-03,3.110361052677035332e-03,7.252892246469855309e-04,1.422371482476592064e-03,6.126437801867723465e-04,3.186509711667895317e-03,1.594621129333972931e-02,5.002858582884073257e-03,1.496265875175595284e-03,6.326348055154085159e-03,9.827348403632640839e-03,1.112546073272824287e-03,5.779643543064594269e-04,2.003379486268386245e-04,9.849459165707230568e-04,3.175853565335273743e-02,3.804668486118316650e-01,8.616743087768554688e+00,7.386087036132812500e+01,8.429640197753906250e+01,5.658700466156005859e+00,1.635097563266754150e-01,6.857471074908971786e-03,1.295327488332986832e-02,1.074073184281587601e-02,1.762058399617671967e-02,3.376297950744628906e-01,9.142662882804870605e-01,2.559778988361358643e-01,2.657145075500011444e-02,1.579207368195056915e-02,2.361342543736100197e-03,3.234788309782743454e-03,1.704067736864089966e-02,9.812448173761367798e-03,4.042404703795909882e-03,3.394337743520736694e-02,7.596290111541748047e-02,1.264258623123168945e-01,2.787356674671173096e-01,1.548860669136047363e+00,2.315575361251831055e+00,1.417554318904876709e-01,5.168046336621046066e-03,1.474171690642833710e-02,3.330476954579353333e-02,2.609663642942905426e-02,1.384820137172937393e-02,8.812455460429191589e-03,6.517105735838413239e-03,1.949812402017414570e-03,1.392619567923247814e-03,8.241388946771621704e-03,1.167077291756868362e-02,1.043893210589885712e-02,3.655031323432922363e-02,1.493903249502182007e-01,5.040241777896881104e-02,9.608669206500053406e-03,1.896465197205543518e-02,7.910137064754962921e-03,8.904134854674339294e-03,7.501146197319030762e-02,4.909660294651985168e-02,1.217934023588895798e-02,2.887031063437461853e-03,3.787540132179856300e-03,1.024176366627216339e-02,1.272703870199620724e-03,1.149816904217004776e-03,1.784881344065070152e-03,2.469113562256097794e-03,1.946194330230355263e-03,5.263898056000471115e-04,5.664196796715259552e-04,4.138413816690444946e-03,2.516527194529771805e-03,8.419161895290017128e-04,5.582253215834498405e-04,6.192777073010802269e-04,2.872695913538336754e-04,5.468943854793906212e-04,2.036359393969178200e-03,3.153491532430052757e-03,3.866481827571988106e-03,1.474386081099510193e-03,3.000122378580272198e-04,5.012190667912364006e-04,2.899793209508061409e-03,5.582254962064325809e-04,7.298997370526194572e-04,1.045401673763990402e-03,5.434692138805985451e-04,3.314436471555382013e-04,5.750553100369870663e-05,5.605270416708663106e-05,5.944040822214446962e-05,1.076249536708928645e-04,9.704501280793920159e-05,3.406430187169462442e-05,8.446399442618712783e-05,1.496969052823260427e-04,1.148076407844200730e-04,1.300581789109855890e-04,6.528465019073337317e-05,4.202291529509238899e-05,2.212556137237697840e-05,1.453081404179101810e-05,1.689391865511424839e-05,8.189263098756782711e-06,1.405523380526574329e-05,8.307880307256709784e-06,1.015089310385519639e-05,7.408733836200553924e-06,7.906207429186906666e-06,8.719201105122920126e-06,9.072951797861605883e-06,9.425784810446202755e-06,7.987131539266556501e-06,5.017061084799934179e-06,3.916116838809102774e-06,3.757432523343595676e-06,2.496210299796075560e-06,8.786067837718292139e-07,8.072308332884858828e-08
2.216050233982969075e-05,3.596983151510357857e-05,1.447274349629878998e-03,3.819288220256567001e-03,7.755883270874619484e-04,7.975794142112135887e-04,2.246727468445897102e-03,1.108591444790363312e-03,5.015538539737462997e-03,1.058052573353052139e-02,3.964718431234359741e-03,2.194992965087294579e-03,3.887705504894256592e-03,5.189955234527587891e-03,3.374989144504070282e-03,1.172603107988834381e-03,1.049148733727633953e-03,1.021338277496397495e-03,4.660662729293107986e-03,3.712696582078933716e-02,8.696762323379516602e-01,4.726336669921875000e+01,8.727412414550781250e+01,1.378912091255187988e+00,3.373225033283233643e-02,5.090438760817050934e-03,3.867548890411853790e-03,2.724844031035900116e-03,1.162263937294483185e-02,3.499049544334411621e-01,2.388198077678680420e-01,1.664963737130165100e-02,2.423485741019248962e-02,4.155524540692567825e-03,1.585202058777213097e-03,1.954227685928344727e-03,5.263590253889560699e-03,6.568665150552988052e-03,3.289764281362295151e-03,5.893292836844921112e-03,9.386024437844753265e-03,4.202955216169357300e-02,6.674239784479141235e-02,1.851226091384887695e+00,3.004125595092773438e+00,7.863494753837585449e-02,6.721427664160728455e-03,6.123408675193786621e-03,9.177940897643566132e-03,1.907879300415515900e-02,5.296560004353523254e-03,5.650786217302083969e-03,1.209898153319954872e-03,4.602285625878721476e-04,2.393762348219752312e-03,2.296356251463294029e-03,2.803367096930742264e-03,1.797315897420048714e-03,2.727469801902770996e-02,1.471812278032302856e-01,2.653283625841140747e-02,1.174897141754627228e-02,5.402361042797565460e-03,2.834402024745941162e-03,1.006792299449443817e-02,3.825755044817924500e-02,3.524310141801834106e-02,1.843639183789491653e-03,1.926683355122804642e-03,4.777110181748867035e-03,1.044343877583742142e-02,1.201107981614768505e-03,1.207239460200071335e-03,2.158844377845525742e-03,2.691674279049038887e-03,7.139421650208532810e-04,4.697760159615427256e-04,9.373561479151248932e-04,7.689913734793663025e-03,1.700694439932703972e-03,2.864177804440259933e-04,1.865365338744595647e-04,2.384483814239501953e-04,1.893343142000958323e-04,3.537319134920835495e-04,2.182895084843039513e-03,1.613291911780834198e-03,2.093884861096739769e-03,1.355855492874979973e-03,2.816611959133297205e-04,2.029398921877145767e-03,6.212317384779453278e-03,2.804503019433468580e-04,3.980311448685824871e-04,7.612378685735166073e-04,2.955427626147866249e-04,2.545874449424445629e-04,5.885049176868051291e-05,3.622832809924148023e-05,5.805504406453110278e-05,3.956957079935818911e-04,1.297939888900145888e-04,2.677177508303429931e-05,3.313656270620413125e-05,1.180318868136964738e-04,9.536707511870190501e-05,4.038824044982902706e-05,2.354038406338077039e-05,2.586876144050620496e-05,2.392524038441479206e-05,1.176815840153722093e-05,1.420467015122994781e-05,7.881313649704679847e-06,1.514316863904241472e-05,6.524769105453742668e-06,1.316606812906684354e-05,6.452319212257862091e-06,8.758994226809591055e-06,1.000682095764204860e-05,9.843662155617494136e-06,8.380877261515706778e-06,7.688221558055374771e-06,6.819816462666494772e-06,5.370651251723757014e-06,6.450572982430458069e-06,4.249706762493588030e-06,1.422806235495954752e-06,1.256207724509295076e-07
1.242778263986110687e-02,1.227894052863121033e-02,1.398071832954883575e-02,1.561940927058458328e-02,9.542415849864482880e-03,2.094455808401107788e-02,1.339094433933496475e-02,1.761493459343910217e-02,5.043114721775054932e-02,2.721081674098968506e-02,2.010882273316383362e-02,1.506000291556119919e-02,1.252040453255176544e-02,3.066428750753402710e-02,6.649580597877502441e-02,3.992288187146186829e-02,4.843318834900856018e-02,9.586813300848007202e-02,1.822668612003326416e-01,3.159559965133666992e-01,2.779573917388916016e+00,7.286668395996093750e+01,1.061907882690429688e+02,2.735561609268188477e+00,1.578834205865859985e-01,1.124637648463249207e-01,6.989664584398269653e-02,4.231423139572143555e-02,4.491874575614929199e-02,5.147454738616943359e-01,7.031121253967285156e-01,4.597428813576698303e-02,1.642810925841331482e-02,9.474709630012512207e-03,8.147895336151123047e-03,3.369423793628811836e-03,6.922273896634578705e-03,8.909935131669044495e-03,8.743673563003540039e-03,5.264123436063528061e-03,9.403400123119354248e-03,3.748265281319618225e-02,3.161949664354324341e-02,2.402934551239013672e+00,2.322540998458862305e+00,3.749395906925201416e-02,9.283474646508693695e-03,7.446137256920337677e-03,1.451013423502445221e-02,1.699805445969104767e-02,7.094745058566331863e-03,3.573288675397634506e-03,1.950153149664402008e-03,1.068181241862475872e-03,2.782170660793781281e-03,2.616729587316513062e-03,6.286555435508489609e-03,3.754301927983760834e-03,3.123438544571399689e-02,5.792132765054702759e-02,1.299619488418102264e-02,8.004882372915744781e-03,3.967280033975839615e-03,2.985810395330190659e-03,7.068709935992956161e-03,7.536273449659347534e-03,7.551516871899366379e-03,1.839193748310208321e-03,1.899918075650930405e-03,1.170141156762838364e-02,1.874437369406223297e-02,2.129730768501758575e-03,1.173835713416337967e-03,2.793091814965009689e-03,3.838595468550920486e-03,7.864149520173668861e-04,1.960629306267946959e-04,1.040133065544068813e-03,6.611777935177087784e-03,3.995950974058359861e-04,2.453536435496062040e-04,1.322191092185676098e-04,2.753130102064460516e-04,1.279193675145506859e-04,3.671440063044428825e-04,2.476407214999198914e-03,6.578119937330484390e-04,8.842194802127778530e-04,7.333733374252915382e-04,2.447820734232664108e-04,2.834312384948134422e-03,4.148250911384820938e-03,1.188993046525865793e-04,2.369564463151618838e-04,4.150359018240123987e-04,1.950879377545788884e-04,7.855908916098996997e-05,4.288930722395889461e-05,2.921043960668612272e-05,6.809028855059295893e-05,5.062309210188686848e-04,1.255620300071313977e-04,2.136000875907484442e-05,2.239044079033192247e-05,1.556167990202084184e-04,8.375774632440879941e-05,3.492326140985824168e-05,2.393412250967230648e-05,3.374297375557944179e-05,2.040085382759571075e-05,1.320969204243738204e-05,1.388594318996183574e-05,1.030973544402513653e-05,8.550377060601022094e-06,5.739983407693216577e-06,1.121848890761611983e-05,7.426816864608554170e-06,5.909368610446108505e-06,6.369406946760136634e-06,1.051785056915832683e-05,1.139513460657326505e-05,7.611864475620677695e-06,8.128556146402843297e-06,5.033851266489364207e-06,6.881222361698746681e-06,6.069035407563205808e-06,1.801540292944991961e-06,2.952135389477916760e-07

Feature: mfcc
-2.845209960937500000e+02,1.630232086181640625e+02,-2.334107208251953125e+01,1.551562070846557617e+00,-4.434946823120117188e+01,-5.168196678161621094e+00,-2.414928054809570312e+01,-3.102678298950195312e+01,4.818103313446044922e+00,1.184606933593750000e+01,6.599251270294189453e+00,2.638485717773437500e+01,1.145073127746582031e+01,6.220448613166809082e-01,-1.237728691101074219e+01,-1.028837203979492188e+01,-2.150183916091918945e-02,-2.174295425415039062e+00,-1.924324798583984375e+01,1.622177720069885254e+00,6.955204486846923828e+00,1.439122200012207031e+01,6.248618125915527344e+00,-4.720164775848388672e+00,5.791340351104736328e+00,2.715948104858398438e+00,-1.051132965087890625e+01,-5.697490215301513672e+00,-2.355467557907104492e+00,6.224848270416259766e+00,-7.844876766204833984e+00,-2.703445255756378174e-01,2.070982742309570312e+01,3.469577312469482422e+00,-1.634542465209960938e+00,-2.646565437316894531e+00,-5.228174209594726562e+00,4.414902687072753906e+00,7.221945762634277344e+00,-1.383881187438964844e+01
-2.806098327636718750e+02,1.348008117675781250e+02,-3.872737121582031250e+01,3.341797828674316406e+00,-4.702783584594726562e+01,-2.784530878067016602e+00,-2.427681159973144531e+01,-3.362102890014648438e+01,9.053484201431274414e-01,1.557765388488769531e+01,4.852798461914062500e+00,2.844975280761718750e+01,2.256585311889648438e+01,1.876782178878784180e+00,-1.708528518676757812e+01,-2.013030242919921875e+01,-5.181667804718017578e+00,5.030500411987304688e+00,-2.007974433898925781e+01,-3.009034633636474609e+00,3.569972038269042969e+00,1.860130882263183594e+01,1.378028678894042969e+01,9.282358884811401367e-01,2.523940801620483398e+00,-3.169612169265747070e+00,-1.408779811859130859e+01,-1.007279205322265625e+01,5.905745029449462891e-01,6.476343154907226562e+00,-7.326483249664306641e+00,-7.924297332763671875e+00,2.094560623168945312e+01,1.028571319580078125e+01,-5.118753910064697266e-01,5.033826351165771484e+00,-8.982465744018554688e+00,-4.113617420196533203e+00,1.058641433715820312e+01,-1.178305435180664062e+01
-3.001255493164062500e+02,1.120220031738281250e+02,-5.864994430541992188e+01,-2.254088163375854492e+00,-4.920461654663085938e+01,-2.764966964721679688e+00,-2.368004989624023438e+01,-3.411652755737304688e+01,-1.707134723663330078e+00,8.368969917297363281e+00,-1.855115652084350586e+00,2.374027252197265625e+01,2.211774444580078125e+01,-2.303502798080444336e+00,-2.114341354370117188e+01,-2.978680419921875000e+01,-1.356843185424804688e+01,2.147475242614746094e+00,-2.107343101501464844e+01,-8.218216896057128906e+00,3.016679286956787109e-01,1.885720825195312500e+01,1.510165691375732422e+01,9.631408452987670898e-01,-4.016460418701171875e+00,-8.872000694274902344e+00,-2.090364837646484375e+01,-1.657154846191406250e+01,-5.894666671752929688e+00,1.313321590423583984e+00,-9.290789604187011719e+00,-1.380921649932861328e+01,1.882326507568359375e+01,1.376617240905761719e+01,1.495566010475158691e+00,1.183421707153320312e+01,-1.209243392944335938e+01,-1.717700004577636719e+01,6.981274604797363281e+00,-1.397772216796875000e+01
-3.056709899902343750e+02,1.108384246826171875e+02,-5.847097778320312500e+01,-6.447519302368164062e+00,-4.796643066406250000e+01,-1.969573855400085449e+00,-2.060362243652343750e+01,-2.977634429931640625e+01,4.476340413093566895e-01,8.205376625061035156e+00,-1.675370097160339355e+00,2.032128143310546875e+01,2.338639831542968750e+01,-8.893834948539733887e-01,-1.931179237365722656e+01,-2.124509811401367188e+01,-1.301080226898193359e+01,2.129190564155578613e-01,-1.802074432373046875e+01,-1.589893436431884766e+01,-4.262026786804199219e+00,1.780697631835937500e+01,1.660194778442382812e+01,6.452552080154418945e-01,-3.805017948150634766e+00,-9.428407669067382812e+00,-1.831135940551757812e+01,-1.599231147766113281e+01,-1.221586608886718750e+01,4.801602840423583984e+00,-1.265305137634277344e+01,-1.242307090759277344e+01,1.729410171508789062e+01,1.451128005981445312e+01,4.188547134399414062e+00,1.155856895446777344e+01,-1.209932518005371094e+01,-1.608076095581054688e+01,4.851840496063232422e+00,-1.128841018676757812e+01
-3.039205017089843750e+02,1.035480041503906250e+02,-5.854627227783203125e+01,-7.313808441162109375e+00,-4.923049545288085938e+01,-1.053347229957580566e+00,-2.408434486389160156e+01,-2.632030105590820312e+01,4.539601802825927734e+00,5.460286140441894531e+00,1.568261384963989258e+00,2.498006820678710938e+01,2.419845962524414062e+01,1.656423211097717285e+00,-1.711362457275390625e+01,-1.845250511169433594e+01,-1.562325668334960938e+01,-6.122868061065673828e-01,-1.627033233642578125e+01,-1.860787963867187500e+01,-3.244813203811645508e+00,1.891820526123046875e+01,1.229510307312011719e+01,-9.942204356193542480e-01,-4.236033439636230469e+00,-1.466780757904052734e+01,-1.362005519866943359e+01,-1.504361724853515625e+01,-1.643418884277343750e+01,2.702502489089965820e+00,-1.629271316528320312e+01,-1.209266281127929688e+01,1.537739753723144531e+01,1.220965385437011719e+01,4.770108222961425781e+00,5.507341384887695312e+00,-1.729754829406738281e+01,-1.430569648742675781e+01,-1.097955703735351562e+00,-1.175760841369628906e+01
-3.049181823730468750e+02,9.696589660644531250e+01,-5.871499252319335938e+01,-6.248563766479492188e+00,-4.424228668212890625e+01,-1.193648576736450195e+00,-2.710646247863769531e+01,-2.343129920959472656e+01,4.076955318450927734e+00,3.715118169784545898e+00,4.064861297607421875e+00,2.656824111938476562e+01,2.493394851684570312e+01,2.911465167999267578e-01,-2.263953018188476562e+01,-2.139902496337890625e+01,-1.635350799560546875e+01,2.218681335449218750e+00,-1.314157295227050781e+01,-2.235983085632324219e+01,-5.282596111297607422e+00,2.358518218994140625e+01,1.516253376007080078e+01,2.846579551696777344e+00,-3.585169553756713867e+00,-1.579539299011230469e+01,-1.318650627136230469e+01,-1.619214248657226562e+01,-1.462863731384277344e+01,6.095731735229492188e+00,-1.583541488647460938e+01,-1.430808639526367188e+01,1.290242958068847656e+01,9.924800872802734375e+00,1.318961143493652344e+00,7.771120667457580566e-01,-1.555005931854248047e+01,-1.812338256835937500e+01,-8.426152229309082031e+00,-9.218452453613281250e+00
-2.998378601074218750e+02,9.919504547119140625e+01,-5.920905685424804688e+01,-7.783425331115722656e+00,-4.463569641113281250e+01,6.915122032165527344e+00,-2.244734764099121094e+01,-2.844205856323242188e+01,2.125704526901245117e+00,-8.489896059036254883e-01,3.238622665405273438e+00,2.722644805908203125e+01,2.834747505187988281e+01,3.758035421371459961e+00,-2.034523773193359375e+01,-2.563998222351074219e+01,-2.051589584350585938e+01,-7.070927023887634277e-01,-1.253904724121093750e+01,-2.578740882873535156e+01,-1.598477745056152344e+01,1.753818321228027344e+01,1.923648262023925781e+01,9.293851852416992188e+00,9.839757919311523438e+00,-1.906091213226318359e+00,-1.097100448608398438e+01,-2.403727149963378906e+01,-1.926904678344726562e+01,8.095029830932617188e+00,-1.124104118347167969e+01,-1.760307502746582031e+01,5.925046205520629883e-01,4.318471908569335938e+00,-2.124104499816894531e-01,6.257236480712890625e+00,-4.886991977691650391e+00,-1.516759872436523438e+01,-1.139289093017578125e+01,-1.536213159561157227e+00
-2.789956665039062500e+02,1.069947814941406250e+02,-7.411478424072265625e+01,-1.926206588745117188e+01,-5.073649978637695312e+01,1.244466400146484375e+01,-2.467732620239257812e+01,-3.228425598144531250e+01,5.613872051239013672e+00,-2.271326303482055664e+00,-1.481466531753540039e+00,2.664522933959960938e+01,2.934869575500488281e+01,5.199965953826904297e+00,-8.484241485595703125e+00,-2.204016494750976562e+01,-2.268873786926269531e+01,-2.430253505706787109e+00,-9.724368095397949219e+00,-1.779043960571289062e+01,-2.332682991027832031e+01,3.890446424484252930e-01,8.907171249389648438e+00,1.390631675720214844e+01,2.007775115966796875e+01,1.136449909210205078e+01,1.660027146339416504e+00,-1.754736900329589844e+01,-2.400004959106445312e+01,-2.253167867660522461e+00,-1.037583541870117188e+01,-1.292389965057373047e+01,-2.502147674560546875e+00,-2.244829416275024414e+00,-9.870301485061645508e-01,1.412501335144042969e+01,3.587954044342041016e+00,-9.506683349609375000e+00,-1.030938911437988281e+01,-6.096279144287109375e+00
-2.709148864746093750e+02,1.185059890747070312e+02,-7.688424682617187500e+01,-2.468227577209472656e+01,-5.110140991210937500e+01,6.518352508544921875e+00,-2.900891113281250000e+01,-3.061479377746582031e+01,2.152604818344116211e+00,-1.839814901351928711e+00,-5.511749744415283203e+00,2.379030036926269531e+01,2.907542037963867188e+01,-1.075626254081726074e+00,-1.015960216522216797e+01,-1.806284713745117188e+01,-1.448066139221191406e+01,-1.170048356056213379e+00,-1.364060783386230469e+01,-1.322794723510742188e+01,-2.307173538208007812e+01,-1.160066223144531250e+01,-3.055192828178405762e-01,1.469062614440917969e+01,2.046908950805664062e+01,1.982267189025878906e+01,1.516857528686523438e+01,-4.970116615295410156e+00,-2.105115890502929688e+01,-1.002664756774902344e+01,-1.636917877197265625e+01,-7.356428623199462891e+00,2.008483171463012695e+00,-2.876187801361083984e+00,-1.001296043395996094e-01,1.291228485107421875e+01,1.107801437377929688e+00,-7.210688591003417969e+00,-7.195528984069824219e+00,-1.323247909545898438e+01
-2.801418762207031250e+02,1.225137481689453125e+02,-7.397531890869140625e+01,-2.198846817016601562e+01,-4.630575561523437500e+01,-1.309647917747497559e+00,-3.131406402587890625e+01,-2.545716667175292969e+01,-9.280416369438171387e-01,8.696203231811523438e-01,-2.560291767120361328e+00,2.409298133850097656e+01,2.844985961914062500e+01,-6.665812492370605469e+00,-1.796072769165039062e+01,-1.779172134399414062e+01,-1.400016403198242188e+01,7.739427089691162109e-01,-1.574863338470458984e+01,-1.548843669891357422e+01,-1.665606307983398438e+01,-1.604395484924316406e+01,-4.978533744812011719e+00,1.104513168334960938e+01,1.749709701538085938e+01,1.689913368225097656e+01,1.648981475830078125e+01,4.848722457885742188e+00,-1.638443565368652344e+01,-1.473655700683593750e+01,-2.133068466186523438e+01,-6.267023086547851562e+00,6.346519470214843750e+00,4.651269912719726562e-01,9.009792804718017578e-01,7.216144084930419922e+00,-2.443561077117919922e+00,-3.366820573806762695e+00,-2.001640796661376953e-01,-1.377906894683837891e+01
-2.910143127441406250e+02,1.226113739013671875e+02,-7.740227508544921875e+01,-2.148838424682617188e+01,-5.033145141601562500e+01,-1.192045307159423828e+01,-3.154223442077636719e+01,-2.203380012512207031e+01,2.531238317489624023e+00,1.011946320533752441e+00,7.789343595504760742e-03,2.102616691589355469e+01,2.372157859802246094e+01,-4.216583251953125000e+00,-1.353115653991699219e+01,-1.272312545776367188e+01,-1.615598297119140625e+01,-5.665731430053710938e-01,-1.529200935363769531e+01,-1.306531620025634766e+01,-1.505090713500976562e+01,-1.314526367187500000e+01,-4.884335994720458984e+00,7.753833770751953125e+00,1.716639709472656250e+01,1.189432334899902344e+01,1.479182243347167969e+01,9.609155654907226562e+00,-1.141377830505371094e+01,-1.816763687133789062e+01,-2.335948181152343750e+01,-1.044899368286132812e+01,4.276245117187500000e+00,9.493752717971801758e-01,6.243932247161865234e-01,7.226867198944091797e+00,-2.716509819030761719e+00,-3.724152088165283203e+00,4.493851184844970703e+00,-1.180923271179199219e+01
-2.984551086425781250e+02,1.215583419799804688e+02,-8.001726531982421875e+01,-1.756866836547851562e+01,-4.742113494873046875e+01,-1.594965362548828125e+01,-2.797840499877929688e+01,-2.400933647155761719e+01,1.158474922180175781e+00,2.982583761215209961e+00,-2.539346218109130859e+00,2.065738677978515625e+01,2.341768074035644531e+01,-2.447651147842407227e+00,-1.388395500183105469e+01,-1.092436218261718750e+01,-1.345064544677734375e+01,3.714231848716735840e-01,-1.566348171234130859e+01,-6.555856227874755859e+00,-1.415804004669189453e+01,-1.400638771057128906e+01,-2.952338218688964844e+00,8.188182830810546875e+00,1.924797439575195312e+01,1.657373619079589844e+01,1.963741302490234375e+01,8.597573280334472656e+00,-1.730539512634277344e+01,-2.362797927856445312e+01,-2.333834457397460938e+01,-8.020426750183105469e+00,4.610512733459472656e+00,-4.380754947662353516e+00,-3.764292001724243164e-01,6.001726150512695312e+00,-1.379314422607421875e+00,-5.010731816291809082e-01,3.632386922836303711e+00,-1.636556625366210938e+01
-3.006824340820312500e+02,1.253320465087890625e+02,-8.099641418457031250e+01,-1.942366027832031250e+01,-4.155500793457031250e+01,-1.534010601043701172e+01,-2.416401672363281250e+01,-2.099498176574707031e+01,-1.992534399032592773e+00,4.290234565734863281e+00,-3.222636222839355469e+00,2.030222320556640625e+01,2.792324066162109375e+01,1.468252897262573242e+00,-1.413383293151855469e+01,-1.283376693725585938e+01,-1.454516696929931641e+01,-4.113861322402954102e-01,-1.707197189331054688e+01,-8.460778236389160156e+00,-1.867819023132324219e+01,-1.157762527465820312e+01,1.873046278953552246e+00,1.190062904357910156e+01,2.266420745849609375e+01,1.813931274414062500e+01,1.536699676513671875e+01,1.742104291915893555e+00,-2.493920516967773438e+01,-2.494120788574218750e+01,-1.877845764160156250e+01,-1.047012996673583984e+01,-3.855847835540771484e+00,-7.980424880981445312e+00,2.200688600540161133e+00,1.186064147949218750e+01,4.436323165893554688e+00,-4.527140617370605469e+00,-1.205166578292846680e+00,-1.472738552093505859e+01
-3.089782104492187500e+02,1.227839660644531250e+02,-7.598304748535156250e+01,-1.283030223846435547e+01,-3.779004669189453125e+01,-1.623473548889160156e+01,-2.402130126953125000e+01,-1.683489990234375000e+01,-2.506201744079589844e+00,2.915779650211334229e-01,-1.786391973495483398e+00,2.353537559509277344e+01,2.794171905517578125e+01,2.774763822555541992e+00,-1.419694232940673828e+01,-1.984524917602539062e+01,-1.695083618164062500e+01,-5.107315182685852051e-01,-1.752819061279296875e+01,-1.305715084075927734e+01,-1.793552970886230469e+01,-9.061243057250976562e+00,8.809719085693359375e+00,1.811215591430664062e+01,2.375916290283203125e+01,1.545207500457763672e+01,8.259864807128906250e+00,-4.361984252929687500e+00,-2.566091537475585938e+01,-1.955386543273925781e+01,-1.221198081970214844e+01,-1.398949432373046875e+01,-9.382637023925781250e+00,-5.484803676605224609e+00,3.341937541961669922e+00,1.548038482666015625e+01,6.626186370849609375e+00,-1.292300796508789062e+01,-6.509084224700927734e+00,-6.106056213378906250e+00
-3.286512756347656250e+02,1.127735443115234375e+02,-6.781481933593750000e+01,-5.618022918701171875e+00,-3.141587066650390625e+01,-1.622494506835937500e+01,-2.049819946289062500e+01,-1.825189208984375000e+01,-3.410531997680664062e+00,-6.981918811798095703e+00,-5.418944835662841797e+00,2.366084289550781250e+01,2.227454376220703125e+01,-4.702334478497505188e-02,-1.583217811584472656e+01,-2.126140213012695312e+01,-1.598689556121826172e+01,4.762451648712158203e+00,-1.447851371765136719e+01,-1.772590255737304688e+01,-1.430906772613525391e+01,-7.237618446350097656e+00,7.956055164337158203e+00,2.006453514099121094e+01,1.601942062377929688e+01,1.218241691589355469e+01,4.631212234497070312e+00,-8.359855651855468750e+00,-2.215443992614746094e+01,-1.522435379028320312e+01,-9.811298370361328125e+00,-1.299794387817382812e+01,-9.476273536682128906e+00,2.099017620086669922e+00,9.095689773559570312e+00,2.036613082885742188e+01,1.070950412750244141e+01,-1.272513198852539062e+01,-1.248709106445312500e+01,-5.809875965118408203e+00
-3.031354370117187500e+02,1.537885437011718750e+02,-3.771333312988281250e+01,5.877263069152832031e+00,-2.366946792602539062e+01,-1.672905349731445312e+01,-2.327621650695800781e+01,-1.765763854980468750e+01,-3.669337272644042969e+00,-3.786516904830932617e+00,3.538078546524047852e+00,2.646799087524414062e+01,2.356152915954589844e+01,2.803361892700195312e+00,-5.087100982666015625e+00,-1.162436866760253906e+01,-1.298534107208251953e+01,1.163248729705810547e+01,-4.129642486572265625e+00,-1.269660282135009766e+01,-1.327974033355712891e+01,-5.103277206420898438e+00,5.996393203735351562e+00,1.430780029296875000e+01,7.718785762786865234e+00,1.028525543212890625e+01,4.714636802673339844e+00,-4.791259765625000000e+00,-1.063854694366455078e+01,-5.612897872924804688e+00,-2.188805103302001953e+00,-5.359559535980224609e+00,-5.517727851867675781e+00,5.930073261260986328e+00,8.730342864990234375e+00,1.584021568298339844e+01,1.328493404388427734e+01,-7.425889968872070312e+00,-1.098445320129394531e+01,-3.595287799835205078e+00

Feature: rms
7.994505017995834351e-02
9.279928356409072876e-02
1.029820889234542847e-01
9.637443721294403076e-02
8.918306976556777954e-02
8.178222179412841797e-02
7.706835120916366577e-02
6.577637046575546265e-02
5.693893134593963623e-02
5.316721647977828979e-02
4.449388757348060608e-02
5.240533128380775452e-02
6.003014743328094482e-02
6.480448693037033081e-02
7.582688331604003906e-02
6.655328720808029175e-02

Feature: spectral_centroid
1.107411746126804701e+03
1.260501096137032846e+03
1.351079496073562950e+03
1.394762383778408548e+03
1.428752806664614582e+03
1.453356585624900845e+03
1.512626384445901749e+03
1.476892552213801764e+03
1.372639238779715015e+03
1.376488021802110552e+03
1.370645843788867296e+03
1.374170079255052769e+03
1.254748862176753164e+03
1.169345913438888601e+03
1.293570605038791427e+03
1.067969832720762724e+03

Feature: spectral_bandwidth
1.267700518634180526e+03
1.381296982202536356e+03
1.420601595593655247e+03
1.450024640147243417e+03
1.514586884284585494e+03
1.524116234265603907e+03
1.570002475688270351e+03
1.484808852539003283e+03
1.373749746129959703e+03
1.365535152875959739e+03
1.363216367905265770e+03
1.346707517616836867e+03
1.266253325459907273e+03
1.214915280058685312e+03
1.359359286143054987e+03
1.215571348487272644e+03

Feature: spectral_contrast
4.653820981094319187e+00,2.868131814196448914e+00,1.630452649318090508e+01,1.407814250898420383e+01,2.078997477932399462e+01,2.160938687693387550e+01,1.419633859279405996e+01
8.877604262228659948e+00,6.195277329632904006e+00,2.547607812349061618e+01,1.477876527439725862e+01,2.544731854957139916e+01,2.189789391472077895e+01,1.669139293388940715e+01
1.673709003111212112e+01,8.685435186188612988e+00,2.859848268182479103e+01,2.164496330848370320e+01,2.593298046228488474e+01,2.379649033105580003e+01,4.899452619981119028e+01
1.597200535365161578e+01,1.011288257363255028e+01,2.905407656141249007e+01,2.010021008499210993e+01,2.660161213546387415e+01,2.495114885640383307e+01,5.036332146803492549e+01
2.436391755474866017e+01,6.979956126188573862e+00,3.877648540062131133e+01,2.193823946467448138e+01,2.454512072048357396e+01,2.395017495994758150e+01,4.772838209418487310e+01
2.213920674474755756e+01,1.236554024400809304e+01,2.774440145376659217e+01,2.289389805692061586e+01,2.404937317178750789e+01,2.397952821769121456e+01,4.859919682251265982e+01
1.767787626955072255e+01,1.672063104449912174e+01,3.025716949849535808e+01,2.716958270151309662e+01,2.613569734394809529e+01,2.181004628637813525e+01,4.837939718404296485e+01
1.640581128513744247e+01,7.836448768597081838e+00,2.858447842223164770e+01,1.952907023237290574e+01,2.455554620111310626e+01,1.866325179736846707e+01,4.940684412845222084e+01
1.564020730862439379e+01,1.050314300711667670e+01,2.525293444343236615e+01,1.817717780760460755e+01,2.235201191380009789e+01,1.902333672531907283e+01,5.004342958209122116e+01
1.269800454099473086e+01,1.512606576554911442e+01,2.236559976261487037e+01,2.383471166172482469e+01,2.377822154349413353e+01,2.224340275199591943e+01,4.990872719478964825e+01
1.337271471370660514e+01,1.426061654009873259e+01,2.577156964065029854e+01,1.891747906159949366e+01,2.384091425289690491e+01,1.906617405441567925e+01,4.994764809702763841e+01
1.524958165995431258e+01,1.025578950245465748e+01,2.641442935831305405e+01,2.138272902123205199e+01,1.949405461047110322e+01,2.054468546567552067e+01,4.928516743377610254e+01
1.681207785201483418e+01,9.267965862713264613e+00,3.146591112140318813e+01,1.943017693957467884e+01,1.885674254777807590e+01,1.895300051270158548e+01,4.694293163888318077e+01
1.565582861202617693e+01,1.077198210445287607e+01,3.208184657985639632e+01,2.100719697395669172e+01,2.144512495913505745e+01,1.809457917331579324e+01,4.671454446482267286e+01
1.928998827791921755e+01,1.284608303899210924e+01,3.120567741093984182e+01,2.703246191453069969e+01,2.138941312181880150e+01,1.829676031976462980e+01,3.778755654772386663e+01
3.695735279043578014e+00,6.094803012836248257e+00,1.972044646812079094e+01,2.139643324835001081e+01,2.059657383751232018e+01,2.033339926001459474e+01,1.523890691714525047e+01

Feature: spectral_flatness
2.421872195554897189e-04
1.606128353159874678e-04
1.273009693250060081e-04
1.276089024031534791e-04
1.483828527852892876e-04
1.933828898472711444e-04
3.058188885916024446e-04
5.387685378082096577e-04
5.173607496544718742e-04
6.450141663663089275e-04
6.483022589236497879e-04
6.017198320478200912e-04
3.591988643165677786e-04
1.445701636839658022e-04
1.421593624399974942e-04
1.495663309469819069e-04

Feature: spectral_rolloff
1.625756835937500000e+03
1.916455078125000000e+03
2.260986328125000000e+03
2.454785156250000000e+03
2.508618164062500000e+03
2.487084960937500000e+03
2.950048828125000000e+03
2.379418945312500000e+03
2.024121093750000000e+03
2.099487304687500000e+03
2.110253906250000000e+03
2.142553710937500000e+03
2.045654296875000000e+03
1.830322265625000000e+03
2.088720703125000000e+03
1.636523437500000000e+03

Feature: poly_features
-1.547896755666834168e-04,1.209902220845411991e+00
-1.669386524167305506e-04,1.318711508308448188e+00
-1.406758119950579612e-04,1.118559980380970709e+00
-1.162940688330530082e-04,9.277014546124165983e-01
-1.127513040551772949e-04,9.017531430707053097e-01
-1.204074737887766858e-04,9.647988138122706170e-01
-1.158929744226377061e-04,9.329188310502187775e-01
-1.364953661549392816e-04,1.095697937733058458e+00
-1.495129621115940896e-04,1.190726059119897595e+00
-1.265548202414388656e-04,1.008175383650208534e+00
-1.131920460463257250e-04,9.013315584173505757e-01
-1.076977638289825087e-04,8.578061372596882395e-01
-1.197336275893916968e-04,9.454350741960253490e-01
-1.287212177177947912e-04,1.010369080667151032e+00
-9.138662957106553659e-05,7.236072982670038733e-01
-1.241584731564476156e-04,9.679371590377002788e-01

Feature: tonnetz
-4.641857426835947764e-02,-7.312624457122901545e-02,2.000281140208237940e-01,1.303885392844675584e-01,6.814498054503877189e-02,4.624280333518988872e-02
-2.304680924587881596e-01,-7.524591409272746168e-02,4.420324806123965833e-01,1.298177465796472030e-01,7.475957284677087200e-02,1.433868920430542149e-01
-4.237332431836023927e-01,-4.160015161333015070e-03,5.911219585686918743e-01,9.468186646700146522e-03,2.605776558960333500e-02,2.255541796330363669e-01
-5.944527483797621414e-01,3.182617520022137936e-02,6.632548477500675999e-01,-7.055379357188912293e-02,-2.447326175086576849e-03,2.867208835668862976e-01
-6.301230949201674925e-01,1.029030610979822513e-02,6.838349970057605587e-01,-2.346158958971470906e-02,2.183869320702872679e-02,2.960840554442257799e-01
-5.012461082305190718e-01,2.796267971163747881e-02,6.309597920626399681e-01,-6.225207448005649208e-02,-2.251037955929179241e-05,2.540407876949758448e-01
-1.914029059837875357e-01,1.031438474465281724e-01,4.196995841339229982e-01,-2.691311268135903045e-01,-8.023765492392199994e-02,1.270024438854307214e-01
4.946680821289350938e-02,1.454741804372590257e-02,-2.871294785290958579e-02,-3.633748805150390226e-01,-6.766134351381337952e-02,-5.819459143094721926e-02
-6.028834655736193052e-03,-3.244841971760280969e-02,-1.618262212723494131e-01,-1.760056242346764444e-01,1.871646779170710664e-02,-8.989292080514131589e-02
-1.510388103423510320e-01,1.487801721875481042e-01,1.654453813098368808e-01,8.170284330844874987e-02,7.350484088649944514e-02,5.954983888659642899e-02
-2.575452143397378643e-02,2.709154657203969863e-01,2.237335718236862225e-01,7.383796386420719837e-02,6.395375648500062349e-02,7.834183692466489823e-02
-1.092113517314649285e-01,1.219721176797148171e-01,1.770508335903261954e-02,1.408928930759428544e-01,7.511483268209942499e-02,1.904323999769997125e-02
4.609613753664032476e-02,4.749345209976738730e-02,-1.027795402333141761e-01,-1.426809225231409906e-01,-1.060051314270453980e-02,-8.146053599193690820e-02
2.719730108992723938e-01,1.400704073313910059e-01,-5.354973487555975131e-02,-4.925255430862306993e-01,-1.493073608450044276e-01,-1.226622837129981158e-01
4.552489368859318208e-01,2.814155422261530037e-01,1.473639812320478790e-02,-5.971176242455841221e-01,-2.209726914943115628e-01,-1.414175641257316984e-01
3.912090182681823847e-01,2.264506372565969483e-01,-6.342461332678767105e-03,-5.303051620721818127e-01,-1.893871212909920554e-01,-1.377038490027190087e-01

Feature: zero_crossing_rate
2.832031250000000000e-02
4.199218750000000000e-02
5.615234375000000000e-02
5.615234375000000000e-02
5.566406250000000000e-02
5.566406250000000000e-02
5.810546875000000000e-02
5.957031250000000000e-02
6.298828125000000000e-02
6.787109375000000000e-02
6.640625000000000000e-02
6.347656250000000000e-02
5.957031250000000000e-02
5.419921875000000000e-02
5.126953125000000000e-02
3.857421875000000000e-02

