Feature: chroma_stft
4.947882592678070068e-01,2.045931518077850342e-01,8.412896841764450073e-02,5.075464397668838501e-02,2.807496115565299988e-02,4.488866403698921204e-02,3.464525341987609863e-01,1.392169296741485596e-01,2.975483424961566925e-02,4.334661364555358887e-02,1.877220720052719116e-01,1.000000000000000000e+00
1.000000000000000000e+00,1.859401166439056396e-01,1.325012594461441040e-01,6.481285393238067627e-02,5.275367200374603271e-02,3.323980793356895447e-02,4.781899452209472656e-01,5.043042302131652832e-01,4.526600986719131470e-02,3.973792865872383118e-02,1.115747839212417603e-01,9.543511867523193359e-01
1.000000000000000000e+00,1.850969940423965454e-01,1.174902692437171936e-01,4.387249797582626343e-02,6.322861462831497192e-02,1.510435808449983597e-02,2.245247811079025269e-01,8.411865830421447754e-01,1.347674131393432617e-01,3.099279291927814484e-02,6.410025060176849365e-02,3.108946084976196289e-01
9.813724160194396973e-01,1.880388706922531128e-01,9.967272728681564331e-02,3.759977594017982483e-02,6.570392102003097534e-02,1.085698232054710388e-02,1.437055468559265137e-01,1.000000000000000000e+00,1.674145758152008057e-01,2.783169224858283997e-02,5.883464962244033813e-02,1.849881410598754883e-01
1.000000000000000000e+00,1.472727358341217041e-01,6.835463643074035645e-02,4.718258976936340332e-02,1.208892017602920532e-01,1.379489805549383163e-02,1.583860963582992554e-01,9.282745122909545898e-01,1.215519607067108154e-01,3.322771191596984863e-02,5.648660659790039062e-02,2.140218317508697510e-01
1.000000000000000000e+00,1.065685078501701355e-01,4.127005860209465027e-02,5.644680932164192200e-02,1.241833493113517761e-01,1.491469796746969223e-02,2.673119008541107178e-01,8.675948977470397949e-01,8.753968775272369385e-02,3.893383592367172241e-02,5.249883979558944702e-02,4.023099839687347412e-01
7.492727637290954590e-01,5.334756895899772644e-02,1.906793192028999329e-02,3.991516679525375366e-02,4.014109820127487183e-02,2.510702796280384064e-02,4.491560757160186768e-01,4.687692224979400635e-01,3.454703465104103088e-02,5.102311819791793823e-02,7.981006801128387451e-02,1.000000000000000000e+00
2.571796774864196777e-01,2.584827318787574768e-02,1.109044626355171204e-02,1.484283898025751114e-02,7.792209275066852570e-03,4.784546047449111938e-02,2.149249613285064697e-01,1.177368834614753723e-01,2.230371534824371338e-02,3.696776553988456726e-02,3.755310475826263428e-01,1.000000000000000000e+00
1.237331852316856384e-01,3.017250634729862213e-02,2.793237753212451935e-02,1.154983416199684143e-02,8.092111907899379730e-03,1.000637114048004150e-01,1.286920309066772461e-01,1.024231761693954468e-01,2.221198379993438721e-02,4.951034113764762878e-02,1.000000000000000000e+00,8.190539479255676270e-01
9.181323647499084473e-02,2.673566900193691254e-02,4.150074347853660583e-02,9.806535206735134125e-03,2.679910324513912201e-02,1.204377487301826477e-01,7.957895100116729736e-02,8.729349076747894287e-02,2.389947511255741119e-02,1.723628640174865723e-01,1.000000000000000000e+00,4.130088984966278076e-01
1.075050011277198792e-01,3.656109049916267395e-02,3.639262169599533081e-02,7.427997421473264694e-03,7.187640666961669922e-02,1.758418083190917969e-01,6.289181858301162720e-02,7.327803224325180054e-02,4.264299198985099792e-02,5.916268229484558105e-01,1.000000000000000000e+00,1.542122513055801392e-01
9.892805665731430054e-02,5.839119479060173035e-02,3.399295732378959656e-02,2.482916787266731262e-02,6.736525893211364746e-02,1.128929033875465393e-01,7.892139256000518799e-02,1.042698547244071960e-01,4.771737456321716309e-01,1.000000000000000000e+00,5.865236520767211914e-01,8.860082924365997314e-02
1.135456785559654236e-01,4.798128083348274231e-02,2.907297015190124512e-02,6.205918267369270325e-02,7.432407885789871216e-02,7.359235733747482300e-02,7.373218983411788940e-02,1.680700778961181641e-01,1.000000000000000000e+00,6.489357352256774902e-01,1.041427776217460632e-01,4.271138831973075867e-02
1.376064568758010864e-01,8.169882744550704956e-02,3.243219852447509766e-02,6.097438558936119080e-02,1.055358275771141052e-01,8.503698557615280151e-02,6.454453617334365845e-02,1.210166960954666138e-01,1.000000000000000000e+00,9.118868112564086914e-01,8.006113767623901367e-02,3.609104081988334656e-02
1.824231743812561035e-01,9.372702986001968384e-02,5.328967422246932983e-02,6.245581805706024170e-02,7.509120553731918335e-02,8.826536685228347778e-02,1.999401301145553589e-01,4.514275193214416504e-01,1.000000000000000000e+00,5.921865701675415039e-01,5.363155528903007507e-02,7.831942290067672729e-02
1.983563601970672607e-01,1.749950051307678223e-01,9.370461106300354004e-02,8.778522163629531860e-02,1.170121431350708008e-01,2.246160954236984253e-01,9.641956090927124023e-01,1.000000000000000000e+00,4.966343343257904053e-01,1.661678552627563477e-01,1.007959097623825073e-01,1.356812417507171631e-01

Feature: chroma_cqt
2.814586162567138672e-01,1.877778023481369019e-01,1.559872478246688843e-01,1.390653103590011597e-01,1.216507107019424438e-01,2.199885696172714233e-01,2.933097183704376221e-01,1.543014198541641235e-01,1.977660357952117920e-01,1.817722171545028687e-01,4.871893823146820068e-01,1.000000000000000000e+00
3.087015450000762939e-01,7.303247600793838501e-02,5.473291128873825073e-02,1.412724703550338745e-01,5.127209797501564026e-02,8.868449181318283081e-02,3.972455263137817383e-01,9.914268553256988525e-02,9.679444879293441772e-02,1.158068478107452393e-01,2.750906646251678467e-01,1.000000000000000000e+00
1.000000000000000000e+00,7.212211936712265015e-02,4.762081429362297058e-02,1.084540709853172302e-01,1.202500462532043457e-01,8.233102411031723022e-02,2.786835730075836182e-01,4.990424811840057373e-01,9.318390488624572754e-02,1.584025025367736816e-01,1.948712468147277832e-01,7.413211464881896973e-01
1.000000000000000000e+00,5.825711786746978760e-02,3.749740123748779297e-02,7.952508330345153809e-02,8.742193132638931274e-02,5.292497202754020691e-02,2.259259372949600220e-01,5.393351912498474121e-01,6.239513307809829712e-02,1.381942182779312134e-01,1.107419952750205994e-01,5.136530995368957520e-01
1.000000000000000000e+00,5.516517162322998047e-02,3.725792467594146729e-02,1.438172906637191772e-01,1.337206512689590454e-01,5.962290987372398376e-02,3.042227923870086670e-01,5.202457904815673828e-01,5.932603031396865845e-02,1.601842939853668213e-01,1.145478785037994385e-01,5.788969397544860840e-01
1.000000000000000000e+00,5.486046895384788513e-02,3.195901587605476379e-02,1.734197139739990234e-01,1.334048360586166382e-01,5.811249464750289917e-02,3.929405212402343750e-01,5.734188556671142578e-01,8.189064264297485352e-02,1.582408696413040161e-01,1.672647446393966675e-01,9.701493382453918457e-01
2.967336475849151611e-01,3.588532656431198120e-02,2.024372667074203491e-02,8.893028646707534790e-02,4.273802414536476135e-02,4.056261479854583740e-02,4.648708999156951904e-01,5.600903555750846863e-02,5.665342882275581360e-02,1.112497821450233459e-01,1.411707848310470581e-01,1.000000000000000000e+00
1.441661417484283447e-01,3.699992224574089050e-02,4.097535461187362671e-02,6.011654436588287354e-02,2.884124219417572021e-02,1.050435975193977356e-01,2.945685684680938721e-01,1.005830913782119751e-01,7.828258723020553589e-02,1.051674038171768188e-01,5.174327492713928223e-01,1.000000000000000000e+00
1.171263903379440308e-01,3.152320161461830139e-02,2.853917889297008514e-02,2.238401211798191071e-02,2.263648249208927155e-02,2.138694375753402710e-01,9.661037474870681763e-02,6.372603774070739746e-02,5.857212468981742859e-02,8.465892076492309570e-02,1.000000000000000000e+00,2.586049437522888184e-01
1.220146194100379944e-01,4.715362191200256348e-02,4.895686730742454529e-02,3.373609110713005066e-02,6.015653908252716064e-02,1.921807378530502319e-01,9.275213629007339478e-02,1.026834100484848022e-01,7.098690420389175415e-02,2.409448623657226562e-01,1.000000000000000000e+00,2.433623671531677246e-01
1.009669229388237000e-01,1.294386684894561768e-01,3.291139006614685059e-02,3.829896822571754456e-02,3.076166808605194092e-01,2.412531375885009766e-01,1.578345447778701782e-01,1.966244280338287354e-01,1.168217435479164124e-01,1.000000000000000000e+00,6.497309207916259766e-01,4.081138968467712402e-01
1.371538937091827393e-01,1.450274288654327393e-01,3.439691290259361267e-02,7.921797037124633789e-02,1.990021914243698120e-01,1.508697420358657837e-01,1.725750714540481567e-01,1.528916805982589722e-01,5.240426063537597656e-01,1.000000000000000000e+00,3.099026381969451904e-01,2.630141973495483398e-01
2.098465114831924438e-01,6.815380603075027466e-02,8.830942213535308838e-02,2.575350999832153320e-01,1.728574335575103760e-01,2.087130397558212280e-01,1.305217444896697998e-01,4.470019936561584473e-01,1.000000000000000000e+00,3.504724204540252686e-01,2.218547165393829346e-01,3.066886961460113525e-01
2.077219188213348389e-01,6.941575556993484497e-02,5.907878279685974121e-02,1.983689963817596436e-01,2.715929746627807617e-01,1.551099866628646851e-01,1.560434103012084961e-01,1.617501229047775269e-01,1.000000000000000000e+00,4.556296169757843018e-01,2.377905249595642090e-01,1.547523438930511475e-01
2.608126401901245117e-01,7.995038479566574097e-02,1.822209358215332031e-01,2.449444830417633057e-01,1.072385534644126892e-01,2.004473209381103516e-01,3.162092566490173340e-01,8.201135396957397461e-01,1.000000000000000000e+00,2.481139898300170898e-01,2.177441269159317017e-01,3.701331615447998047e-01
2.788261175155639648e-01,2.729613184928894043e-01,1.167784631252288818e-01,2.501482367515563965e-01,1.670677959918975830e-01,4.593575298786163330e-01,1.000000000000000000e+00,4.649801254272460938e-01,3.198581337928771973e-01,2.944244146347045898e-01,2.232410758733749390e-01,2.872450649738311768e-01

Feature: chroma_cens
4.684630632400512695e-01,2.941471710801124573e-02,0.000000000000000000e+00,5.294353142380714417e-02,3.260989487171173096e-02,1.059300601482391357e-01,2.961674630641937256e-01,2.518655359745025635e-01,1.233205273747444153e-01,1.976906508207321167e-01,3.932451903820037842e-01,6.360085010528564453e-01
4.615931510925292969e-01,2.886790409684181213e-02,0.000000000000000000e+00,5.610900744795799255e-02,3.566374257206916809e-02,1.102130934596061707e-01,2.947202920913696289e-01,2.563112676143646240e-01,1.351341158151626587e-01,2.093893587589263916e-01,3.988722562789916992e-01,6.291038393974304199e-01
4.547064304351806641e-01,2.845568023622035980e-02,0.000000000000000000e+00,5.933378264307975769e-02,3.859444335103034973e-02,1.143831461668014526e-01,2.933433949947357178e-01,2.607204616069793701e-01,1.468545347452163696e-01,2.206696420907974243e-01,4.039850831031799316e-01,6.219710707664489746e-01
4.477833807468414307e-01,2.815638482570648193e-02,0.000000000000000000e+00,6.260618567466735840e-02,4.141882434487342834e-02,1.184519305825233459e-01,2.920120060443878174e-01,2.650862932205200195e-01,1.584892421960830688e-01,2.315843850374221802e-01,4.086419641971588135e-01,6.146146655082702637e-01
4.407976567745208740e-01,2.795433066785335541e-02,0.000000000000000000e+00,6.592416763305664062e-02,4.415389150381088257e-02,1.224351897835731506e-01,2.907064855098724365e-01,2.694121301174163818e-01,1.700650602579116821e-01,2.421908527612686157e-01,4.128924310207366943e-01,6.070240139961242676e-01
4.337171912193298340e-01,2.783843129873275757e-02,0.000000000000000000e+00,6.929244846105575562e-02,4.681624472141265869e-02,1.263508796691894531e-01,2.894103825092315674e-01,2.737079560756683350e-01,1.816216707229614258e-01,2.525474727153778076e-01,4.167771935462951660e-01,5.991764068603515625e-01
4.265049099922180176e-01,2.780131623148918152e-02,0.000000000000000000e+00,7.272081077098846436e-02,4.942178726196289062e-02,1.302180439233779907e-01,2.881093919277191162e-01,2.779877483844757080e-01,1.932077407836914062e-01,2.627117931842803955e-01,4.203283488750457764e-01,5.910382866859436035e-01
4.191188216209411621e-01,2.783871628344058990e-02,0.000000000000000000e+00,7.622307538986206055e-02,5.198562517762184143e-02,1.340562552213668823e-01,2.867902219295501709e-01,2.822685539722442627e-01,2.048787027597427368e-01,2.727399468421936035e-01,4.235696792602539062e-01,5.825659632682800293e-01
4.115119278430938721e-01,2.794910967350006104e-02,0.000000000000000000e+00,7.981648296117782593e-02,5.452201887965202332e-02,1.378852128982543945e-01,2.854403257369995117e-01,2.865693569183349609e-01,2.166956216096878052e-01,2.826858758926391602e-01,4.265166223049163818e-01,5.737056732177734375e-01
4.036316573619842529e-01,2.813357673585414886e-02,0.000000000000000000e+00,8.352152258157730103e-02,5.704434588551521301e-02,1.417247056961059570e-01,2.840472459793090820e-01,2.909106016159057617e-01,2.287246733903884888e-01,2.926013469696044922e-01,4.291760325431823730e-01,5.643932819366455078e-01
3.954192698001861572e-01,2.839581854641437531e-02,0.000000000000000000e+00,8.736187964677810669e-02,5.956505239009857178e-02,1.455943137407302856e-01,2.825982272624969482e-01,2.953141629695892334e-01,2.410371899604797363e-01,3.025355041027069092e-01,4.315454363822937012e-01,5.545530915260314941e-01
3.868092894554138184e-01,2.874236553907394409e-02,0.000000000000000000e+00,9.136461466550827026e-02,6.209547072649002075e-02,1.495133042335510254e-01,2.810803055763244629e-01,2.998028993606567383e-01,2.537094652652740479e-01,3.125342130661010742e-01,4.336122274398803711e-01,5.440967679023742676e-01
3.777289986610412598e-01,2.918297983705997467e-02,0.000000000000000000e+00,9.556037932634353638e-02,6.464545428752899170e-02,1.535003185272216797e-01,2.794800698757171631e-01,3.044006526470184326e-01,2.668229341506958008e-01,3.226388990879058838e-01,4.353513419628143311e-01,5.329220890998840332e-01
3.680982887744903564e-01,2.973131090402603149e-02,0.000000000000000000e+00,9.998368471860885620e-02,6.722281128168106079e-02,1.575727164745330811e-01,2.777840495109558105e-01,3.091319501399993896e-01,2.804635465145111084e-01,3.328845500946044922e-01,4.367233216762542725e-01,5.209118723869323730e-01
3.578303158283233643e-01,3.040580265223979950e-02,0.000000000000000000e+00,1.046731173992156982e-01,6.983228027820587158e-02,1.617457419633865356e-01,2.759796082973480225e-01,3.140217661857604980e-01,2.947202920913696289e-01,3.432961106300354004e-01,4.376703500747680664e-01,5.079333186149597168e-01
3.468343615531921387e-01,3.123105689883232117e-02,0.000000000000000000e+00,1.096712350845336914e-01,7.247392833232879639e-02,1.660307645797729492e-01,2.740564048290252686e-01,3.190946280956268311e-01,3.096823096275329590e-01,3.538831770420074463e-01,4.381120800971984863e-01,4.938392043113708496e-01

Feature: melspectrogram
4.445884004235267639e-02,5.040123686194419861e-02,4.354647919535636902e-02,4.447670280933380127e-02,1.489410102367401123e-01,2.698374688625335693e-01,1.454059481620788574e-01,1.308958828449249268e-01,5.727829039096832275e-02,9.389064460992813110e-02,1.130008473992347717e-01,1.825131177902221680e-01,4.530505537986755371e-01,5.633839368820190430e-01,6.512550115585327148e-01,1.400928378105163574e+00,2.551692008972167969e+00,1.840534782409667969e+01,5.381394958496093750e+01,2.468586158752441406e+01,2.166010856628417969e+00,8.944039344787597656e-01,4.247047305107116699e-01,2.840815484523773193e-01,1.853462308645248413e-01,1.742767393589019775e-01,4.348402917385101318e-01,7.943120598793029785e-01,5.799585580825805664e-01,1.499043107032775879e-01,6.987735629081726074e-02,3.395978733897209167e-02,3.213823214173316956e-02,3.125815466046333313e-02,6.209374219179153442e-02,2.943563461303710938e-01,4.586524486541748047e+00,1.672010421752929688e+01,9.563754081726074219e+00,7.457637786865234375e-01,1.999544352293014526e-01,1.451227515935897827e-01,8.664413541555404663e-02,8.162952214479446411e-02,1.981057971715927124e-01,5.545539408922195435e-02,2.102508209645748138e-02,6.955221295356750488e-02,3.580428659915924072e-02,5.029741302132606506e-02,1.042050570249557495e-01,5.341638922691345215e-01,7.553545951843261719e+00,5.299532890319824219e+00,7.598398923873901367e-01,6.674516946077346802e-02,6.402095407247543335e-02,1.524104624986648560e-01,2.537193894386291504e-01,2.722984254360198975e-01,7.913050055503845215e-02,4.428857266902923584e-01,6.052460074424743652e-01,6.651809692382812500e+00,4.232248783111572266e+00,4.106116890907287598e-01,9.270399808883666992e-02,7.223699241876602173e-02,4.144887626171112061e-02,5.364339053630828857e-02,8.832394331693649292e-02,6.451514959335327148e-01,1.431345343589782715e+00,3.271688222885131836e-01,4.975169897079467773e-02,7.102866470813751221e-02,4.249960929155349731e-02,1.536048203706741333e-01,2.235035419464111328e+00,2.586360454559326172e+00,1.714846044778823853e-01,2.664197422564029694e-02,2.667771652340888977e-02,7.680110633373260498e-02,7.442266941070556641e-01,4.108411073684692383e-01,7.098358869552612305e-02,9.908852726221084595e-02,5.844808816909790039e-01,1.295886039733886719e+01,8.530405998229980469e+00,5.854732394218444824e-01,2.833673357963562012e-01,4.364182949066162109e+00,7.266010761260986328e+00,8.696303963661193848e-01,1.266159415245056152e-01,6.292754411697387695e-02,6.207828968763351440e-02,1.097037550061941147e-02,2.482865191996097565e-02,3.075714111328125000e-01,1.079468950629234314e-01,9.105078130960464478e-02,5.606187343597412109e+00,5.287284851074218750e+00,3.237625956535339355e-01,4.748598039150238037e-01,3.428945541381835938e-01,1.562515646219253540e-02,3.785160603001713753e-03,5.286427680402994156e-03,5.835407413542270660e-03,6.371785886585712433e-03,5.854649469256401062e-03,8.123902603983879089e-03,1.356420479714870453e-02,7.251449394971132278e-03,4.245590418577194214e-03,4.016246646642684937e-03,1.135096326470375061e-02,4.495806619524955750e-02,4.781826958060264587e-02,3.462088406085968018e-01,4.156978726387023926e-01,3.687452077865600586e-01,2.036952972412109375e-01,1.064104493707418442e-02
1.618419773876667023e-02,1.498749386519193649e-02,1.631002873182296753e-02,2.282046712934970856e-02,1.692767441272735596e-01,2.126086801290512085e-01,8.812403678894042969e-02,2.222470194101333618e-01,4.782247170805931091e-02,6.433250010013580322e-02,3.769858181476593018e-02,9.940785169601440430e-02,2.243723273277282715e-01,2.690934240818023682e-01,2.215347439050674438e-01,5.143648386001586914e-01,7.280557751655578613e-01,1.213871765136718750e+01,9.055194854736328125e+01,9.917839813232421875e+01,4.841182708740234375e+00,3.042513132095336914e-01,1.104051470756530762e-01,1.063910797238349915e-01,1.149985492229461670e-01,9.883742034435272217e-02,2.149042189121246338e-01,4.316442608833312988e-01,4.648125171661376953e-01,5.413972958922386169e-02,2.974918857216835022e-02,9.965267963707447052e-03,9.716679342091083527e-03,1.028183754533529282e-02,7.350475341081619263e-02,4.830654859542846680e-01,4.465679168701171875e+00,1.960326385498046875e+01,2.455313682556152344e+01,8.992146492004394531e+00,6.115564107894897461e-01,6.807857751846313477e-02,5.044776946306228638e-02,4.625430703163146973e-02,1.756263077259063721e-01,3.710552677512168884e-02,1.810245215892791748e-02,6.618583202362060547e-02,4.258871078491210938e-02,6.846540421247482300e-02,1.362405568361282349e-01,7.205520868301391602e-01,1.729059410095214844e+01,5.064489746093750000e+01,3.887910461425781250e+01,4.600142955780029297e+00,1.262391656637191772e-01,3.961046040058135986e-01,3.634314835071563721e-01,4.129547178745269775e-01,1.693001091480255127e-01,8.669848442077636719e-01,1.028619050979614258e+00,8.899435043334960938e+00,1.592978382110595703e+01,7.128490447998046875e+00,2.409318536520004272e-01,2.840255387127399445e-02,1.607920415699481964e-02,1.858557201921939850e-02,4.593322798609733582e-02,6.095191240310668945e-01,3.695615768432617188e+00,3.806771755218505859e+00,6.731473803520202637e-01,3.233752399682998657e-02,2.886988036334514618e-02,8.498826622962951660e-02,2.217958450317382812e+00,6.133172512054443359e+00,1.417094826698303223e+00,5.508368834853172302e-02,1.212530210614204407e-02,3.089990466833114624e-02,7.235398292541503906e-01,2.069123744964599609e+00,2.053419351577758789e+00,1.820655465126037598e-01,2.890564799308776855e-01,1.389467716217041016e+01,3.020934295654296875e+01,1.107883644104003906e+01,7.798178195953369141e-01,2.901940822601318359e+00,1.038934707641601562e+01,8.603275299072265625e+00,1.441607117652893066e+00,8.426208049058914185e-02,1.049600541591644287e-01,2.861844748258590698e-02,3.712318837642669678e-02,2.730803787708282471e-01,3.070644438266754150e-01,2.484580576419830322e-01,4.712892055511474609e+00,7.881581306457519531e+00,9.073298573493957520e-01,5.230635404586791992e-01,4.451833963394165039e-01,2.376941591501235962e-02,2.736696973443031311e-03,4.795722663402557373e-03,4.253223538398742676e-03,5.593030713498592377e-03,5.767437163740396500e-03,5.561174359172582626e-03,1.446350011974573135e-02,9.022667072713375092e-03,4.546551499515771866e-03,3.948329482227563858e-03,1.231770124286413193e-02,4.122939333319664001e-02,5.682406574487686157e-02,4.982936978340148926e-01,6.323516368865966797e-01,1.076732754707336426e+00,3.582868278026580811e-01,1.289072819054126740e-02
1.672088634222745895e-03,3.371159255038946867e-04,9.875418618321418762e-03,2.551596984267234802e-02,5.873641744256019592e-02,5.461078509688377380e-02,1.633380502462387085e-01,2.976634502410888672e-01,9.795374423265457153e-02,6.045312806963920593e-02,7.521931082010269165e-03,5.658994615077972412e-02,4.610325396060943604e-02,2.278220653533935547e-02,4.908210784196853638e-02,5.578164383769035339e-02,2.056334316730499268e-01,2.241417884826660156e+00,4.558309555053710938e+01,1.966712646484375000e+02,2.285149002075195312e+01,4.343358427286148071e-02,9.350038133561611176e-03,2.891252003610134125e-02,2.773518674075603485e-02,2.496418356895446777e-02,4.591965302824974060e-02,8.364084362983703613e-02,1.081694364547729492e-01,4.889630153775215149e-02,1.128080766648054123e-02,7.991236634552478790e-03,3.161797765642404556e-03,4.240151960402727127e-03,2.866068668663501740e-02,1.454727202653884888e-01,4.533701241016387939e-01,2.518386363983154297e+00,1.025705242156982422e+01,3.691081619262695312e+01,6.065721035003662109e+00,4.475991427898406982e-02,4.273308068513870239e-02,4.377505555748939514e-02,3.488878905773162842e-02,1.717843674123287201e-02,1.082797162234783173e-02,2.602685987949371338e-02,2.550561167299747467e-02,4.768280684947967529e-02,7.675489038228988647e-02,1.113352298736572266e+00,6.525338172912597656e+00,3.884894180297851562e+01,1.624612274169921875e+02,5.696688842773437500e+01,2.565228044986724854e-01,3.241038620471954346e-01,2.755649685859680176e-01,2.674904465675354004e-01,1.756179630756378174e-01,2.720584869384765625e-01,4.016879796981811523e-01,2.751007080078125000e+00,1.113162422180175781e+01,2.034850502014160156e+01,2.143036842346191406e+00,8.731801994144916534e-03,6.384650710970163345e-03,5.011788103729486465e-03,1.029178965836763382e-02,1.892949044704437256e-01,1.433426856994628906e+00,7.059558391571044922e+00,4.856817245483398438e+00,2.051747031509876251e-02,1.793674007058143616e-02,2.411369979381561279e-02,3.332109451293945312e-01,1.710874319076538086e+00,1.865337133407592773e+00,3.765159249305725098e-01,3.678030334413051605e-03,3.950351849198341370e-03,7.528694719076156616e-02,1.273299336433410645e+00,8.920549392700195312e+00,1.449732661247253418e+00,7.484479993581771851e-02,1.429083943367004395e+00,1.289804553985595703e+01,3.292891311645507812e+01,5.633753776550292969e+00,2.435611039400100708e-01,2.029734134674072266e+00,1.230986976623535156e+01,8.555741310119628906e+00,4.402996599674224854e-02,6.018197908997535706e-02,7.303871214389801025e-02,9.303401410579681396e-02,3.569322451949119568e-02,1.564428061246871948e-01,4.852689206600189209e-01,3.638278245925903320e-01,1.267856240272521973e+00,8.778311610221862793e-01,2.932090163230895996e-01,1.008464097976684570e-01,9.380633011460304260e-03,2.104620449244976044e-03,3.813146613538265228e-03,3.744227578863501549e-03,2.885460387915372849e-03,4.673034884035587311e-03,4.798755515366792679e-03,5.701464135199785233e-03,7.169142831116914749e-03,4.929157905280590057e-03,4.402961116284132004e-03,6.422188133001327515e-03,3.450331091880798340e-02,6.995192170143127441e-02,3.793663680553436279e-01,4.020399451255798340e-01,9.758136272430419922e-01,6.023344993591308594e-01,7.436738349497318268e-03
1.566978055052459240e-03,3.061511670239269733e-04,1.888564974069595337e-02,4.094262048602104187e-02,7.261887937784194946e-02,1.166199967265129089e-01,1.328945308923721313e-01,8.390831947326660156e-02,8.194293081760406494e-02,6.545315682888031006e-02,2.672933274880051613e-03,1.133411005139350891e-02,8.837949484586715698e-03,3.511928394436836243e-02,3.853416442871093750e-02,4.612404853105545044e-02,6.158450990915298462e-02,5.618788599967956543e-01,2.637631416320800781e+01,2.414891815185546875e+02,2.997705459594726562e+01,8.683839440345764160e-02,1.261762622743844986e-02,2.536396961659193039e-03,3.280820790678262711e-03,5.587852094322443008e-03,1.331310346722602844e-02,6.044783443212509155e-02,3.224672377109527588e-02,2.218533679842948914e-02,1.536332070827484131e-02,1.048004627227783203e-02,2.667628228664398193e-03,3.764376044273376465e-03,5.142902024090290070e-03,7.031348068267107010e-03,8.681482076644897461e-02,1.392760634422302246e+00,8.201417922973632812e+00,8.159465026855468750e+01,1.027283191680908203e+01,4.667361825704574585e-02,4.157196357846260071e-02,2.567456103861331940e-02,2.074442431330680847e-02,1.232441514730453491e-02,1.183968968689441681e-02,3.329573199152946472e-02,1.565618999302387238e-02,1.462295278906822205e-02,5.425928905606269836e-02,1.072061300277709961e+00,2.150286674499511719e+00,6.906634807586669922e+00,2.852369079589843750e+02,8.958833312988281250e+01,2.253499478101730347e-01,1.166865602135658264e-01,2.920928597450256348e-01,2.037549614906311035e-01,2.118972837924957275e-01,1.793751567602157593e-01,3.555854558944702148e-01,2.002046823501586914e+00,5.084583282470703125e+00,2.615830230712890625e+01,2.512187242507934570e+00,6.504154298454523087e-03,5.022065714001655579e-03,1.122591644525527954e-02,1.206220034509897232e-02,1.214865073561668396e-01,5.571854710578918457e-01,1.093471145629882812e+01,6.872993469238281250e+00,1.044733729213476181e-02,1.503163948655128479e-02,1.115533523261547089e-02,5.667069926857948303e-02,1.096685975790023804e-01,1.639795541763305664e+00,6.281649470329284668e-01,3.196167992427945137e-03,7.083556149154901505e-03,2.815259248018264771e-02,4.724957048892974854e-01,1.305914592742919922e+01,1.495280027389526367e+00,6.182758510112762451e-02,2.396219372749328613e-01,1.953784704208374023e+00,4.856515121459960938e+01,6.769722938537597656e+00,1.353100538253784180e-01,1.870854049921035767e-01,1.121736717224121094e+01,1.248804473876953125e+01,1.176981348544359207e-02,1.759007945656776428e-02,1.060999557375907898e-01,1.108780950307846069e-01,2.460651285946369171e-02,8.641146868467330933e-02,6.351918578147888184e-01,1.570332050323486328e-01,1.402487903833389282e-01,1.032535791397094727e+00,3.772087991237640381e-01,2.415796741843223572e-02,5.663926713168621063e-03,2.242881804704666138e-03,3.040524199604988098e-03,3.473462536931037903e-03,2.525596413761377335e-03,3.865266451612114906e-03,5.372792948037385941e-03,3.140010638162493706e-03,6.593034137040376663e-03,5.020508076995611191e-03,3.455332713201642036e-03,4.338610451668500900e-03,4.365468397736549377e-02,9.481015801429748535e-02,2.424500882625579834e-01,2.405248582363128662e-01,3.770371973514556885e-01,3.631758093833923340e-01,5.962080322206020355e-03
1.592098036780953407e-03,4.880011547356843948e-04,2.565920539200305939e-02,5.620583891868591309e-02,5.354173853993415833e-02,7.089634984731674194e-02,1.042142435908317566e-01,9.144856780767440796e-02,5.184430629014968872e-02,4.451593011617660522e-02,6.539297290146350861e-03,2.091906033456325531e-02,2.230563014745712280e-02,4.632798582315444946e-02,3.240704163908958435e-02,6.875985115766525269e-02,6.055859848856925964e-02,3.865351676940917969e-01,4.338565444946289062e+01,2.741407775878906250e+02,2.027336502075195312e+01,2.870633825659751892e-02,1.108733844012022018e-02,1.174334343522787094e-02,8.139922283589839935e-03,1.172138657420873642e-02,2.429733984172344208e-02,4.530033469200134277e-02,4.461652785539627075e-02,9.834272786974906921e-03,8.557714521884918213e-03,2.338544698432087898e-03,2.753999782726168633e-03,3.634501015767455101e-03,2.259247237816452980e-03,1.938524842262268066e-02,1.788284778594970703e-01,1.231390237808227539e+00,1.469507408142089844e+01,9.631504058837890625e+01,6.573604583740234375e+00,7.148674130439758301e-02,4.023240134119987488e-02,2.825461328029632568e-02,4.283122345805168152e-02,2.424730360507965088e-02,1.552385184913873672e-02,3.621786087751388550e-02,1.990687102079391479e-02,1.402205601334571838e-02,3.060770034790039062e-02,6.554825305938720703e-01,2.034655570983886719e+00,1.002699470520019531e+01,3.529471740722656250e+02,4.868433380126953125e+01,1.599666625261306763e-01,1.906035393476486206e-01,4.842415153980255127e-01,4.472817480564117432e-01,5.168912410736083984e-01,2.856741249561309814e-01,2.382389605045318604e-01,7.654176950454711914e-01,8.822795867919921875e+00,3.686801528930664062e+01,8.165074586868286133e-01,2.509627304971218109e-02,7.694352883845567703e-03,1.535681635141372681e-02,1.164087001234292984e-02,2.293243259191513062e-02,2.473347783088684082e-01,2.852784729003906250e+01,1.202993488311767578e+01,1.276963669806718826e-02,1.068961992859840393e-02,9.910125285387039185e-03,3.081113100051879883e-02,1.706902384757995605e-01,3.735847949981689453e+00,6.209807991981506348e-01,4.414076916873455048e-03,6.256544031202793121e-03,3.813295811414718628e-02,1.239679455757141113e+00,1.606865882873535156e+01,3.349650502204895020e-01,7.426856458187103271e-02,2.422039359807968140e-01,4.586568832397460938e+00,6.451049041748046875e+01,1.861692428588867188e+00,1.664416342973709106e-01,2.907486557960510254e-01,1.103001976013183594e+01,7.898602962493896484e+00,8.897662162780761719e-03,8.685084059834480286e-03,1.325249820947647095e-01,8.033393323421478271e-02,5.926634743809700012e-02,1.518440395593643188e-01,1.065364122390747070e+00,1.081739738583564758e-01,9.073123335838317871e-02,2.165285348892211914e+00,7.000417709350585938e-01,3.585271537303924561e-02,2.583084255456924438e-02,8.263227529823780060e-03,2.471789950504899025e-03,4.462142474949359894e-03,4.764586221426725388e-03,3.959028981626033783e-03,4.148422740399837494e-03,3.308282233774662018e-03,5.142326932400465012e-03,2.964914543554186821e-03,5.992210935801267624e-03,4.595554433763027191e-03,5.837348476052284241e-02,8.865234255790710449e-02,2.780160605907440186e-01,3.086429834365844727e-01,6.374194622039794922e-01,1.953358948230743408e-01,1.314476225525140762e-02
1.705962233245372772e-03,4.599222447723150253e-04,2.893603034317493439e-02,5.738806724548339844e-02,8.163084834814071655e-02,7.192804664373397827e-02,1.490491628646850586e-01,7.151772826910018921e-02,1.091523319482803345e-01,7.271543890237808228e-02,1.144178770482540131e-02,4.411721602082252502e-02,9.109507501125335693e-02,3.186840191483497620e-02,2.246247977018356323e-02,3.774192184209823608e-02,5.205264315009117126e-02,2.005797624588012695e+00,6.716357421875000000e+01,2.127035827636718750e+02,1.179967689514160156e+01,1.974250376224517822e-02,1.657325588166713715e-02,1.220596022903919220e-02,9.700147435069084167e-03,2.448133192956447601e-02,4.830348491668701172e-02,3.953085839748382568e-02,1.255376450717449188e-02,6.209937389940023422e-03,1.269729621708393097e-02,5.911163054406642914e-03,4.154993686825037003e-03,7.171861361712217331e-03,4.525590222328901291e-03,2.002755366265773773e-02,6.450453400611877441e-01,7.268109798431396484e+00,1.932751083374023438e+01,4.976714324951171875e+01,4.574769973754882812e+00,8.695100247859954834e-02,1.611620932817459106e-02,1.447332650423049927e-02,1.750854216516017914e-02,3.814622014760971069e-02,2.709459699690341949e-02,2.487447671592235565e-02,1.616343110799789429e-02,1.762434095144271851e-02,1.563264057040214539e-02,3.065391480922698975e-01,7.357473850250244141e+00,8.733435821533203125e+01,3.049069213867187500e+02,2.591160964965820312e+01,1.107523813843727112e-01,3.542949557304382324e-01,5.689534544944763184e-01,4.364311099052429199e-01,5.195256471633911133e-01,3.080272674560546875e-01,6.666336655616760254e-01,8.620738983154296875e+00,6.630308532714843750e+01,6.900027465820312500e+01,8.234525918960571289e-01,4.122854769229888916e-02,9.633294306695461273e-03,1.117837801575660706e-02,8.158390410244464874e-03,1.412979960441589355e-01,3.098617553710937500e+00,3.277779006958007812e+01,9.847107887268066406e+00,2.293045260012149811e-02,1.617894135415554047e-02,2.106766961514949799e-02,3.396864533424377441e-01,2.256270885467529297e+00,4.143060684204101562e+00,3.518896400928497314e-01,9.685597382485866547e-03,2.055452205240726471e-02,8.657665252685546875e-01,4.441965103149414062e+00,1.189821052551269531e+01,1.523623913526535034e-01,7.565607875585556030e-02,4.706986904144287109e+00,2.314912605285644531e+01,4.661943054199218750e+01,7.519193887710571289e-01,2.090783715248107910e-01,1.293897867202758789e+00,7.572372913360595703e+00,3.560190200805664062e+00,7.439725100994110107e-03,8.397486060857772827e-02,1.810699701309204102e-01,6.844245642423629761e-02,1.305581480264663696e-01,4.785333871841430664e-01,5.224192738533020020e-01,1.374069452285766602e-01,1.537538051605224609e+00,1.762413978576660156e+00,3.866359889507293701e-01,1.401193737983703613e-01,5.946126580238342285e-02,1.723740622401237488e-02,4.665056709200143814e-03,4.577220883220434189e-03,9.050443768501281738e-03,3.569372231140732765e-03,2.404242753982543945e-03,4.425688646733760834e-03,4.328937269747257233e-03,2.191892592236399651e-03,6.747602485120296478e-03,5.755868740379810333e-03,4.121980443596839905e-02,7.282764464616775513e-02,1.822815537452697754e-01,4.330487847328186035e-01,1.151137351989746094e+00,2.318331003189086914e-01,3.956451267004013062e-02
1.552255009301006794e-03,2.490088518243283033e-04,1.701041683554649353e-02,5.547484382987022400e-02,7.323909550905227661e-02,4.454462230205535889e-02,8.556178212165832520e-02,9.444475173950195312e-02,4.586783051490783691e-02,3.584885969758033752e-02,1.315550319850444794e-02,1.617518998682498932e-02,7.318723201751708984e-02,3.553503751754760742e-02,1.732895150780677795e-02,1.184440776705741882e-02,7.162045687437057495e-02,9.526822090148925781e+00,1.395464172363281250e+02,8.873110198974609375e+01,2.933607101440429688e+00,1.292359828948974609e-02,1.914946548640727997e-02,9.680163115262985229e-03,9.652624838054180145e-03,1.607306487858295441e-02,1.395160239189863205e-02,4.294633865356445312e-02,3.645664080977439880e-02,1.255606953054666519e-02,6.100099999457597733e-03,5.596143659204244614e-03,9.029353037476539612e-03,1.957909949123859406e-02,3.759014606475830078e-02,1.857461780309677124e-01,2.814644098281860352e+00,4.863421249389648438e+01,2.910927009582519531e+01,1.087507724761962891e+01,2.130403757095336914e+00,4.109016433358192444e-02,9.377208538353443146e-03,9.349115192890167236e-03,1.051490101963281631e-02,1.784710399806499481e-02,7.460898905992507935e-02,4.191286861896514893e-02,1.660132780671119690e-02,2.157729491591453552e-02,5.937811359763145447e-02,1.132539987564086914e+00,5.859402084350585938e+01,1.799477081298828125e+02,8.584860992431640625e+01,6.236694335937500000e+00,4.108823090791702271e-02,1.243821755051612854e-01,3.548837602138519287e-01,8.525775671005249023e-01,5.789166092872619629e-01,5.209605693817138672e-01,7.568635940551757812e+00,9.262409973144531250e+01,1.010391616821289062e+02,5.637088775634765625e+01,7.411860227584838867e-01,6.859530508518218994e-02,1.315531693398952484e-02,2.107826992869377136e-02,3.292181715369224548e-02,1.483867168426513672e+00,7.472946166992187500e+00,9.026041984558105469e+00,1.744342923164367676e+00,3.686700761318206787e-02,2.786867320537567139e-02,1.509930640459060669e-01,2.752888202667236328e+00,5.700784683227539062e+00,1.423664331436157227e+00,5.448581278324127197e-02,1.875250600278377533e-02,1.148773208260536194e-01,7.717098236083984375e+00,7.215238094329833984e+00,2.136738777160644531e+00,1.162552610039710999e-01,9.809338450431823730e-01,4.672761917114257812e+01,5.074525070190429688e+01,1.147822189331054688e+01,3.375802040100097656e-01,9.293690323829650879e-01,3.655852794647216797e+00,2.603683471679687500e+00,7.723272442817687988e-01,5.093222483992576599e-02,1.975287646055221558e-01,1.101039052009582520e-01,6.033727899193763733e-02,7.523874044418334961e-01,8.306879997253417969e-01,2.375465333461761475e-01,6.799922585487365723e-01,3.323193788528442383e+00,1.812035679817199707e+00,1.010975718498229980e+00,7.394115924835205078e-01,6.322038173675537109e-02,3.376361727714538574e-02,1.153224986046552658e-02,7.409087382256984711e-03,3.370905295014381409e-02,4.090291447937488556e-03,1.206149347126483917e-03,3.311525797471404076e-03,2.803953364491462708e-03,3.138684201985597610e-03,6.364156026393175125e-03,5.692056845873594284e-03,1.683686114847660065e-02,8.907459676265716553e-02,1.419382691383361816e-01,5.514365434646606445e-01,1.024921655654907227e+00,4.774872958660125732e-01,5.860477685928344727e-02
1.006199861876666546e-03,5.452603800222277641e-04,1.018862146884202957e-02,3.339685499668121338e-02,8.938936144113540649e-02,3.396225348114967346e-02,4.223204776644706726e-02,5.541766434907913208e-02,1.233997195959091187e-01,8.705826103687286377e-02,2.136353589594364166e-02,8.110295049846172333e-03,3.352491930127143860e-02,7.594592869281768799e-02,3.955422341823577881e-02,2.848364785313606262e-02,1.297063708305358887e+00,5.266592025756835938e+01,1.504413452148437500e+02,2.814994621276855469e+01,5.248253941535949707e-01,2.585318684577941895e-02,4.554984718561172485e-02,1.497166045010089874e-02,1.459383871406316757e-02,1.550107449293136597e-02,4.010296426713466644e-03,8.269050158560276031e-03,1.852919906377792358e-02,8.111932314932346344e-03,4.527870565652847290e-03,7.987931370735168457e-03,1.439849101006984711e-02,4.371055960655212402e-02,4.782751500606536865e-01,1.328020095825195312e+01,3.916881179809570312e+01,5.160023117065429688e+01,1.430642604827880859e+01,3.382198572158813477e+00,6.471482515335083008e-01,9.389248490333557129e-02,4.536512866616249084e-02,9.710785932838916779e-03,1.616241224110126495e-02,6.545937620103359222e-03,6.284989416599273682e-02,2.446688711643218994e-02,1.892670243978500366e-02,6.299902498722076416e-02,3.351348876953125000e+00,2.359827232360839844e+01,6.747709655761718750e+01,5.407289123535156250e+01,1.823409080505371094e+01,2.815887689590454102e+00,8.683769032359123230e-03,4.353697597980499268e-02,4.415144026279449463e-01,5.860114097595214844e-01,3.016411781311035156e+00,6.445133972167968750e+01,1.527988891601562500e+02,1.529047393798828125e+02,4.217510223388671875e+01,1.948886108398437500e+01,4.260580539703369141e-01,2.603759616613388062e-02,1.210785191506147385e-02,1.130862310528755188e-01,4.711467623710632324e-01,2.535984516143798828e+00,2.958167314529418945e+00,4.094111025333404541e-01,1.429720073938369751e-01,1.729685999453067780e-02,8.721532821655273438e-01,4.250267028808593750e+00,6.078354835510253906e+00,2.311222314834594727e+00,1.361202448606491089e-01,1.552298944443464279e-02,6.200541257858276367e-01,1.302439212799072266e+00,8.618684768676757812e+00,2.876860141754150391e+00,2.425225228071212769e-01,3.367147207260131836e+00,1.219334793090820312e+01,6.395297241210937500e+01,2.153789901733398438e+01,1.960531949996948242e+00,4.711520195007324219e+00,3.059121131896972656e+00,2.176605701446533203e+00,4.477663338184356689e-01,2.085119962692260742e+00,3.938128650188446045e-01,8.736533671617507935e-02,8.296450972557067871e-02,4.179308414459228516e-01,1.025434970855712891e+00,5.686802268028259277e-01,9.312788248062133789e-01,1.409773588180541992e+00,2.527804374694824219e+00,6.997895717620849609e+00,4.391861438751220703e+00,9.980571269989013672e-01,2.839441299438476562e-01,8.728335797786712646e-02,1.181683875620365143e-02,7.631704676896333694e-03,2.932692691683769226e-02,2.821549307554960251e-03,1.486090943217277527e-03,2.187313511967658997e-03,3.434613347053527832e-03,7.252951152622699738e-03,6.927576847374439240e-03,5.767071153968572617e-03,1.239709369838237762e-02,6.491322815418243408e-02,1.514560431241989136e-01,2.925283908843994141e-01,4.009016752243041992e-01,3.847011327743530273e-01,8.449186384677886963e-02
1.073459396138787270e-03,2.003049477934837341e-03,1.273864228278398514e-02,7.797602564096450806e-02,1.187715008854866028e-01,1.610314846038818359e-01,3.730033636093139648e-01,1.953862607479095459e-01,1.790078282356262207e-01,7.193341106176376343e-02,2.040069364011287689e-02,1.535762753337621689e-02,5.374667420983314514e-02,1.589117348194122314e-01,6.648357212543487549e-02,9.108364582061767578e-02,5.341895580291748047e+00,1.482754974365234375e+02,8.965436553955078125e+01,2.368934440612792969e+01,7.573955655097961426e-01,3.479631617665290833e-02,1.966677978634834290e-02,5.109025631099939346e-03,6.621645763516426086e-03,9.717096574604511261e-03,7.046146783977746964e-03,6.679549347609281540e-03,3.647834062576293945e-03,4.679649136960506439e-03,9.900132194161415100e-03,1.966978237032890320e-02,1.708505116403102875e-02,5.490842834115028381e-02,2.755823850631713867e+00,8.148746490478515625e+01,8.997715759277343750e+01,9.967582702636718750e+00,3.749017953872680664e+00,1.786472082138061523e+00,1.300340294837951660e-01,9.933245927095413208e-02,5.661266297101974487e-02,1.018191408365964890e-02,1.883448287844657898e-02,1.241577696055173874e-02,1.318057253956794739e-02,1.173401251435279846e-02,2.535353787243366241e-02,1.219349503517150879e+00,1.829137229919433594e+01,5.114768218994140625e+01,1.183577632904052734e+01,7.668758869171142578e+00,7.453260898590087891e+00,2.531915903091430664e+00,2.424565702676773071e-02,1.659203171730041504e-01,2.835739254951477051e-01,8.549294471740722656e-01,1.338859558105468750e+01,2.829810180664062500e+02,2.812487792968750000e+02,3.816278839111328125e+01,1.415527820587158203e+01,8.328642845153808594e+00,1.626121848821640015e-01,1.335471682250499725e-02,7.046791911125183105e-02,8.737506866455078125e-01,8.879018425941467285e-01,6.981524229049682617e-01,3.795261681079864502e-01,1.729138642549514771e-01,7.346543669700622559e-02,1.350070536136627197e-01,5.062388896942138672e+00,1.075788211822509766e+01,2.213608741760253906e+00,3.528972864151000977e-01,7.086326181888580322e-02,5.934788286685943604e-02,2.115842342376708984e+00,2.194920539855957031e+00,1.353621840476989746e+00,2.775868773460388184e-01,3.605917990207672119e-01,1.251815891265869141e+01,1.805449104309082031e+01,1.254399585723876953e+01,1.347647547721862793e+00,4.039005756378173828e+00,1.578253173828125000e+01,1.772493243217468262e+00,3.147063553333282471e-01,2.354791641235351562e+00,9.507052421569824219e+00,3.790731132030487061e-01,5.066817253828048706e-02,3.322556912899017334e-01,6.153216361999511719e-01,2.907212972640991211e-01,1.265771150588989258e+00,2.672041177749633789e+00,5.503552556037902832e-01,9.833026885986328125e+00,2.788847351074218750e+01,2.507369041442871094e+00,1.316426992416381836e+00,7.441056966781616211e-01,4.878443479537963867e-02,2.736550010740756989e-02,1.013215072453022003e-02,1.582713797688484192e-02,6.444983184337615967e-03,1.734866295009851456e-03,5.343489348888397217e-03,5.201708525419235229e-03,1.044526509940624237e-02,7.405956275761127472e-03,7.174041122198104858e-03,1.025401987135410309e-02,2.887693047523498535e-02,9.769403189420700073e-02,1.363830715417861938e-01,2.627932429313659668e-01,3.174874186515808105e-01,8.525278419256210327e-02
1.122551853768527508e-03,1.793996081687510014e-03,1.727995090186595917e-02,1.420674622058868408e-01,1.614157557487487793e-01,1.442971378564834595e-01,7.475875616073608398e-01,6.023635268211364746e-01,7.984019070863723755e-02,5.630783736705780029e-02,1.829150505363941193e-02,1.271116081625223160e-02,4.142947122454643250e-02,1.539819538593292236e-01,1.251118034124374390e-01,1.852424293756484985e-01,2.009356307983398438e+01,1.650862731933593750e+02,7.524414062500000000e+01,5.488276958465576172e+00,4.925090968608856201e-01,1.518181338906288147e-02,4.178380593657493591e-03,1.000859215855598450e-02,7.778066676110029221e-03,1.019122637808322906e-02,3.323215758427977562e-03,3.609274979680776596e-03,8.405597880482673645e-03,6.203800439834594727e-03,1.464647985994815826e-02,1.432830467820167542e-02,3.511160612106323242e-02,1.449009418487548828e+00,1.520034980773925781e+01,9.831028747558593750e+01,7.156368255615234375e+01,4.120195865631103516e+00,3.215499877929687500e+00,8.428925275802612305e-01,9.773524850606918335e-02,3.426520526409149170e-02,2.965017780661582947e-02,1.327934768050909042e-02,1.698893867433071136e-02,8.431635797023773193e-03,1.572328060865402222e-02,1.358751393854618073e-02,9.602665305137634277e-01,2.649980545043945312e+01,3.881327438354492188e+01,1.753764533996582031e+01,4.459964752197265625e+00,4.514440536499023438e+00,1.479250335693359375e+01,3.461524486541748047e+00,5.200474336743354797e-02,4.489803314208984375e-01,6.050516366958618164e-01,2.092837333679199219e+01,1.908666687011718750e+02,3.071990966796875000e+02,9.464259338378906250e+01,7.450207710266113281e+00,6.792975425720214844e+00,2.233488321304321289e+00,7.623520493507385254e-02,3.149524703621864319e-02,2.786954164505004883e+00,5.602454662322998047e+00,1.015282630920410156e+00,2.463272213935852051e-01,2.655976116657257080e-01,1.306742876768112183e-01,1.041199415922164917e-01,4.144551277160644531e+00,9.629909515380859375e+00,5.498612403869628906e+00,1.502043008804321289e-01,8.561837673187255859e-02,5.216883495450019836e-02,6.602172851562500000e-01,2.179418563842773438e+00,7.888011932373046875e-01,8.999495208263397217e-02,1.213436946272850037e-01,2.291423082351684570e+00,1.101330375671386719e+01,6.380810260772705078e+00,6.600953340530395508e-01,8.214051246643066406e+00,1.891423606872558594e+01,1.159757232666015625e+01,2.747503519058227539e-01,9.726223349571228027e-01,7.415876865386962891e+00,8.389409065246582031e+00,1.777662783861160278e-01,2.725754976272583008e-01,4.758234322071075439e-01,3.374272286891937256e-01,1.623842120170593262e+00,3.128864049911499023e+00,1.611724138259887695e+00,2.769640922546386719e+00,1.574464416503906250e+01,1.783322715759277344e+01,3.407564640045166016e+00,3.538491964340209961e+00,4.674610495567321777e-01,1.033846884965896606e-01,2.828637883067131042e-02,1.469933986663818359e-02,2.223172038793563843e-02,6.367669906467199326e-03,3.137430408969521523e-03,4.894094076007604599e-03,4.568921867758035660e-03,7.908028550446033478e-03,8.629491552710533142e-03,6.097409408539533615e-03,1.425580214709043503e-02,2.754259482026100159e-02,1.256629377603530884e-01,3.009762763977050781e-01,4.614169597625732422e-01,4.428632557392120361e-01,8.403264731168746948e-02
1.051074359565973282e-03,1.315946574322879314e-03,3.278918191790580750e-02,9.886111319065093994e-02,6.813429296016693115e-02,8.122117817401885986e-02,2.864757478237152100e-01,2.755850255489349365e-01,1.173727735877037048e-01,7.289718836545944214e-02,4.424692317843437195e-02,3.138369321823120117e-02,3.899243846535682678e-02,1.260952353477478027e-01,1.028593629598617554e-01,8.195347785949707031e-01,3.231906127929687500e+01,4.009290313720703125e+01,1.305638790130615234e+01,2.282738924026489258e+00,7.928129285573959351e-02,1.355029176920652390e-02,6.854810286313295364e-03,6.509871687740087509e-03,9.792232885956764221e-03,8.866202086210250854e-03,4.156075883656740189e-03,5.083634983748197556e-03,1.204767823219299316e-02,9.212183766067028046e-03,1.630286313593387604e-02,7.373380661010742188e-02,5.377478003501892090e-01,8.169182777404785156e+00,3.161947822570800781e+01,3.416724777221679688e+01,1.869241905212402344e+01,3.034850835800170898e+00,1.135283470153808594e+00,1.668899506330490112e-01,7.043543457984924316e-02,8.425683714449405670e-03,3.763399785384535789e-03,1.365120802074670792e-02,1.089866831898689270e-02,1.308608800172805786e-02,4.044925421476364136e-02,1.963481754064559937e-01,4.081342220306396484e+00,7.666635894775390625e+01,4.247468185424804688e+01,3.771077156066894531e+00,5.858921527862548828e+00,5.404765605926513672e+00,2.050884437561035156e+01,3.765230178833007812e+00,3.535491526126861572e-01,3.596408367156982422e+00,2.350802612304687500e+01,1.381864624023437500e+02,5.156243896484375000e+02,8.476678466796875000e+01,6.841408729553222656e+00,5.964323997497558594e+00,1.636852502822875977e+00,6.128589510917663574e-01,4.830912351608276367e-01,1.667518615722656250e+00,1.100018024444580078e+01,6.288353919982910156e+00,7.009398937225341797e-01,1.376598179340362549e-01,8.976855129003524780e-02,3.446749746799468994e-01,1.336406230926513672e+00,1.090691089630126953e+01,4.153107166290283203e+00,5.355346798896789551e-01,8.323520421981811523e-02,1.578148752450942993e-01,2.259968817234039307e-01,1.075207591056823730e+00,4.979081451892852783e-01,9.798296540975570679e-02,1.457460820674896240e-01,5.357062220573425293e-01,3.701656579971313477e+00,2.220249652862548828e+00,6.148570179939270020e-01,1.602519273757934570e+00,2.914306068420410156e+01,2.287861633300781250e+01,2.230706691741943359e+00,6.164692640304565430e-01,3.122521400451660156e+00,3.795058727264404297e+00,1.674471259117126465e+00,3.457316458225250244e-01,5.543055534362792969e-01,2.881979346275329590e-01,4.703646004199981689e-01,4.365086555480957031e+00,2.230553150177001953e+00,8.491157293319702148e-01,8.232486724853515625e+00,6.467829704284667969e+00,4.046912193298339844e+00,8.692893981933593750e+00,1.762149214744567871e+00,3.229541182518005371e-01,2.695553302764892578e-01,2.403644472360610962e-02,2.199206128716468811e-02,8.390325121581554413e-03,6.449679844081401825e-03,4.373682197183370590e-03,3.771043382585048676e-03,3.847270039841532707e-03,8.193815127015113831e-03,9.378572925925254822e-03,4.705271217972040176e-03,6.829609628766775131e-03,2.240764163434505463e-02,6.705351173877716064e-02,4.335324764251708984e-01,5.464526414871215820e-01,5.061436891555786133e-01,4.070108383893966675e-02
9.574254509061574936e-04,6.585309165529906750e-04,2.411756291985511780e-02,8.066156506538391113e-02,9.906180202960968018e-02,1.248587965965270996e-01,8.282689005136489868e-02,2.356642335653305054e-01,7.390329241752624512e-02,6.472289562225341797e-02,6.545642018318176270e-02,2.759691514074802399e-02,1.591992564499378204e-02,2.892534807324409485e-02,1.019336938858032227e+00,1.084357452392578125e+01,2.140577697753906250e+01,8.008724212646484375e+00,1.616501212120056152e+00,1.528530478477478027e+00,8.377544581890106201e-02,1.350653357803821564e-02,1.414738874882459641e-02,5.348834674805402756e-03,1.491760369390249252e-03,4.537103231996297836e-03,2.768816892057657242e-03,7.863258011639118195e-03,8.234100416302680969e-03,1.154974400997161865e-01,7.630999088287353516e-01,1.219427824020385742e+00,3.651067972183227539e+00,1.108769130706787109e+01,1.529932689666748047e+01,9.946887969970703125e+00,2.309815168380737305e+00,1.502064943313598633e+00,5.842115879058837891e-01,3.426348268985748291e-01,1.742587983608245850e-02,2.558486070483922958e-03,2.724453574046492577e-03,1.540126092731952667e-02,7.880900800228118896e-02,1.762361526489257812e+00,4.511623382568359375e+00,1.360649585723876953e+00,5.391970157623291016e+00,3.299437713623046875e+01,1.823627662658691406e+01,6.528117179870605469e+00,1.005448627471923828e+01,4.730619907379150391e+00,4.962863922119140625e+00,3.720524549484252930e+00,6.134532546997070312e+01,1.567097473144531250e+02,1.938235473632812500e+02,1.960616607666015625e+02,2.431110534667968750e+02,1.051891326904296875e+01,3.839181423187255859e+00,2.203189373016357422e+00,2.151359081268310547e+00,4.664996623992919922e+00,6.588263988494873047e+00,6.557010650634765625e+00,7.817506313323974609e+00,2.184120655059814453e+00,5.821568369865417480e-01,4.005549848079681396e-01,1.594885826110839844e+00,2.485928297042846680e+00,3.900364160537719727e+00,4.844019889831542969e+00,5.904586315155029297e-01,9.988193511962890625e-01,1.900946497917175293e+00,1.255631923675537109e+00,4.636608958244323730e-01,3.148598670959472656e-01,1.259208321571350098e-01,2.923417091369628906e-01,6.782494187355041504e-01,9.304623007774353027e-01,1.287569165229797363e+00,1.580854535102844238e+00,2.868131875991821289e+00,4.884619235992431641e+00,1.795709419250488281e+01,1.172894763946533203e+01,3.142286062240600586e+00,2.532156229019165039e+00,2.933917522430419922e+00,2.703167200088500977e+00,2.754832029342651367e+00,1.049202322959899902e+00,3.000203371047973633e-01,3.538086414337158203e-01,1.567676782608032227e+00,3.264846801757812500e+00,2.811663627624511719e+00,2.764852762222290039e+00,5.432946681976318359e+00,5.236989021301269531e+00,1.222689151763916016e+01,6.100432872772216797e+00,9.947609305381774902e-01,4.339233934879302979e-01,1.878098994493484497e-01,1.072134152054786682e-01,2.991357073187828064e-02,7.328261155635118484e-03,4.736846312880516052e-03,2.802645321935415268e-03,4.487175494432449341e-03,6.882180925458669662e-03,1.449451223015785217e-02,1.468707993626594543e-02,6.241869181394577026e-03,7.958908565342426300e-03,1.378765050321817398e-02,4.854986816644668579e-02,3.719315230846405029e-01,5.442748665809631348e-01,3.035362660884857178e-01,3.449074923992156982e-02
9.723710245452821255e-04,1.495431642979383469e-04,2.011774107813835144e-02,5.271472781896591187e-02,4.846680909395217896e-02,3.874550759792327881e-02,6.643843650817871094e-02,1.831221580505371094e-01,1.432408951222896576e-02,2.182796783745288849e-02,3.644078597426414490e-02,1.142299827188253403e-02,9.562842547893524170e-03,4.410597309470176697e-02,3.221353292465209961e+00,2.526458930969238281e+01,1.004594802856445312e+01,3.660412788391113281e+00,5.879046916961669922e-01,1.107037186622619629e+00,1.567253321409225464e-01,6.813752930611371994e-03,1.121426094323396683e-02,1.170128490775823593e-02,2.723457524552941322e-03,2.314171055331826210e-03,2.554657170549035072e-03,7.171443197876214981e-03,1.572373323142528534e-02,5.856706500053405762e-01,3.885952949523925781e+00,3.872003555297851562e+00,4.099000930786132812e+00,3.463425874710083008e+00,1.634766101837158203e+00,9.675716161727905273e-01,1.174256801605224609e+00,9.929370880126953125e-01,3.137084841728210449e-01,3.599660396575927734e-01,9.546705521643161774e-03,3.155086422339081764e-03,2.332909964025020599e-03,1.795173063874244690e-02,2.646194100379943848e-01,7.219083786010742188e+00,2.190552139282226562e+01,9.900917053222656250e+00,1.188440513610839844e+01,1.831503677368164062e+01,7.868395805358886719e+00,6.741940021514892578e+00,6.633865833282470703e+00,1.815074563026428223e+00,5.576190352439880371e-01,9.366117477416992188e+00,2.368543548583984375e+02,3.347351684570312500e+02,1.926530761718750000e+02,4.461560058593750000e+01,2.903857421875000000e+01,2.315405845642089844e+00,1.082434654235839844e+00,1.264813661575317383e+00,5.554859638214111328e+00,1.455067920684814453e+01,1.104194927215576172e+01,3.110642433166503906e+00,9.204657077789306641e-01,5.216583013534545898e-01,4.291657805442810059e-01,1.481427073478698730e+00,4.147743225097656250e+00,3.900136947631835938e+00,1.005595684051513672e+00,2.798146903514862061e-01,2.202529311180114746e-01,3.658080577850341797e+00,4.181196212768554688e+00,1.722811460494995117e+00,1.453229635953903198e-01,8.359712362289428711e-02,3.618972599506378174e-01,4.728824198246002197e-01,5.309901237487792969e-01,2.146006077527999878e-01,6.678594350814819336e-01,3.130601167678833008e+00,3.106412172317504883e+00,1.741179585456848145e+00,6.301918029785156250e+00,1.519722843170166016e+01,6.694869041442871094e+00,1.485878705978393555e+00,2.958367824554443359e+00,4.434732437133789062e+00,3.045169115066528320e+00,4.281048178672790527e-01,2.823200225830078125e-01,4.780394732952117920e-01,1.583039164543151855e+00,3.654876232147216797e+00,4.168698787689208984e+00,2.680340051651000977e+00,3.757988929748535156e+00,5.431038856506347656e+00,1.854833412170410156e+01,4.308905601501464844e+00,1.048389434814453125e+00,3.690899610519409180e-01,1.442347019910812378e-01,1.421137899160385132e-01,3.017874993383884430e-02,1.695351675152778625e-02,3.446094458922743797e-03,2.750494517385959625e-03,3.032064530998468399e-03,1.351543609052896500e-02,2.524343691766262054e-02,1.625811494886875153e-02,4.752184264361858368e-03,6.474422290921211243e-03,1.081450469791889191e-02,5.694810301065444946e-02,2.764760851860046387e-01,4.223856925964355469e-01,2.404768168926239014e-01,7.483702898025512695e-02
9.755152859725058079e-04,2.642525942064821720e-04,1.539980154484510422e-02,4.371106624603271484e-02,6.093808636069297791e-02,5.819390714168548584e-02,1.130142062902450562e-01,9.568621218204498291e-02,7.533765584230422974e-02,3.528856486082077026e-02,1.509251445531845093e-02,1.801590994000434875e-02,1.550118438899517059e-02,2.730325981974601746e-02,1.790277481079101562e+00,1.708118057250976562e+01,1.227472496032714844e+01,5.065401077270507812e+00,5.187378525733947754e-01,7.648221254348754883e-01,7.711917906999588013e-02,4.906043875962495804e-03,6.872252561151981354e-03,7.782295811921358109e-03,6.777778733521699905e-03,1.938621862791478634e-03,1.721950946375727654e-03,8.916203863918781281e-03,4.614541679620742798e-02,6.018528938293457031e-01,2.927338361740112305e+00,6.466751098632812500e+00,8.829126358032226562e+00,2.873158216476440430e+00,1.154245853424072266e+00,1.354032874107360840e+00,1.224194765090942383e+00,8.967264294624328613e-01,4.949052929878234863e-01,1.250824332237243652e-01,1.322384364902973175e-02,9.771437384188175201e-03,1.701959408819675446e-02,5.982612073421478271e-02,5.560454130172729492e-01,4.487305164337158203e+00,1.238018798828125000e+01,1.589708137512207031e+01,1.912586975097656250e+01,1.708783340454101562e+01,5.156988143920898438e+00,4.118034362792968750e+00,1.499413728713989258e+00,6.088526248931884766e-01,1.634462594985961914e+00,1.049936389923095703e+01,1.087821960449218750e+02,3.286862487792968750e+02,3.058928527832031250e+02,1.257550430297851562e+01,1.227029418945312500e+01,3.165572166442871094e+00,7.583972811698913574e-01,7.932857275009155273e-01,4.209795951843261719e+00,1.039928340911865234e+01,2.427407455444335938e+01,3.117799758911132812e+00,1.353669613599777222e-01,2.297943979501724243e-01,1.518887728452682495e-01,8.645905256271362305e-01,3.370724201202392578e+00,7.021062374114990234e+00,5.475786924362182617e-01,5.483704060316085815e-02,1.899417489767074585e-01,1.816995859146118164e+00,4.013087272644042969e+00,3.266709327697753906e+00,7.505833357572555542e-02,7.544986158609390259e-02,1.694146692752838135e-01,4.434288442134857178e-01,7.526279687881469727e-01,8.263880759477615356e-02,3.056712448596954346e-01,1.194857835769653320e+00,3.099998235702514648e+00,9.536265730857849121e-01,2.687075138092041016e+00,1.000836944580078125e+01,1.414320564270019531e+01,2.596065998077392578e+00,1.429779291152954102e+00,4.407847404479980469e+00,4.583322048187255859e+00,1.425842195749282837e-01,3.064949810504913330e-01,9.621698260307312012e-01,7.884953022003173828e-01,3.893504381179809570e+00,7.982486724853515625e+00,1.487181305885314941e+00,3.165434360504150391e+00,6.348487377166748047e+00,6.875228881835937500e+00,3.731231451034545898e+00,1.270187497138977051e+00,2.897472381591796875e-01,2.045804858207702637e-01,6.242447718977928162e-02,2.390349470078945160e-02,9.526385925710201263e-03,4.381813574582338333e-03,3.684549825266003609e-03,2.113689435645937920e-03,1.534105092287063599e-02,3.998283669352531433e-02,1.295908447355031967e-02,3.538839519023895264e-03,4.988716449588537216e-03,1.912146992981433868e-02,1.147476807236671448e-01,3.694100677967071533e-01,6.986198425292968750e-01,2.567784786224365234e-01,7.034511864185333252e-02
1.453181030228734016e-03,4.691737412940710783e-04,9.876360185444355011e-03,1.657221652567386627e-02,6.489317119121551514e-02,7.217890024185180664e-02,7.067873328924179077e-02,1.131344884634017944e-01,1.019414365291595459e-01,2.830149047076702118e-02,1.954696513712406158e-02,3.132893145084381104e-02,1.285675317049026489e-01,9.412591457366943359e-01,6.641822814941406250e+00,8.367091178894042969e+00,2.922054052352905273e+00,1.666822791099548340e+00,2.278797775506973267e-01,4.018709063529968262e-01,7.203467935323715210e-02,1.057161297649145126e-02,1.310455054044723511e-02,1.824529841542243958e-02,2.031584829092025757e-02,1.127938777208328247e-01,5.600954294204711914e-01,2.308339118957519531e+00,6.566709518432617188e+00,1.059012508392333984e+01,8.226278305053710938e+00,3.110573768615722656e+00,5.906094074249267578e+00,1.144196271896362305e+00,1.085698723793029785e+00,1.343825578689575195e+00,4.129076898097991943e-01,2.387859076261520386e-01,2.961631715297698975e-01,2.734653055667877197e-01,3.716138899326324463e-01,9.834496378898620605e-01,1.951393008232116699e+00,2.491308689117431641e+00,3.829824447631835938e+00,3.619535446166992188e+00,8.372457504272460938e+00,5.873006820678710938e+00,6.222271442413330078e+00,5.349723815917968750e+00,2.139631986618041992e+00,5.850801467895507812e+00,2.047917747497558594e+01,3.266003799438476562e+01,4.957351303100585938e+01,6.873746490478515625e+01,9.544821929931640625e+01,2.429679565429687500e+02,1.225650558471679688e+02,5.219877719879150391e+00,2.330926418304443359e+00,3.407723426818847656e+00,5.431375503540039062e+00,5.305466175079345703e+00,1.026427078247070312e+01,1.137365436553955078e+01,1.195666122436523438e+01,1.830232977867126465e+00,8.994207382202148438e-01,6.003499031066894531e-01,6.601781249046325684e-01,1.856950163841247559e+00,2.851040840148925781e+00,2.914356231689453125e+00,5.547304153442382812e-01,6.487302184104919434e-01,1.263654589653015137e+00,2.274115324020385742e+00,3.897075653076171875e+00,1.322490930557250977e+00,3.377179801464080811e-02,3.547595441341400146e-02,1.164583414793014526e-01,3.239908814430236816e-01,3.640034794807434082e-01,1.349997222423553467e-01,4.812739789485931396e-01,1.024921178817749023e+00,1.464224219322204590e+00,8.277067542076110840e-01,5.552867412567138672e+00,1.391306018829345703e+01,1.093144035339355469e+01,4.653367996215820312e+00,2.925657749176025391e+00,4.120786666870117188e+00,2.716638803482055664e+00,4.336328208446502686e-01,4.790241718292236328e-01,8.088351488113403320e-01,1.645124435424804688e+00,5.251226425170898438e+00,5.607573986053466797e+00,1.860391378402709961e+00,3.130006074905395508e+00,3.992321252822875977e+00,6.835768222808837891e+00,4.300501823425292969e+00,1.073120832443237305e+00,5.164967775344848633e-01,2.421935796737670898e-01,1.118951290845870972e-01,2.422146126627922058e-02,1.831940934062004089e-02,8.334908634424209595e-03,3.110779216513037682e-03,2.276183804497122765e-03,4.868413135409355164e-02,6.423567235469818115e-02,1.072509028017520905e-02,5.342839285731315613e-03,7.838494144380092621e-03,2.962606586515903473e-02,1.429353654384613037e-01,7.179770469665527344e-01,1.044896602630615234e+00,3.310219049453735352e-01,6.188559904694557190e-02
2.982428064569830894e-03,2.284492366015911102e-03,5.183576140552759171e-03,1.817868091166019440e-02,3.846033290028572083e-02,3.284922614693641663e-02,4.451040923595428467e-02,2.478462830185890198e-02,3.286938741803169250e-02,3.918564692139625549e-02,3.085114434361457825e-02,9.070704877376556396e-02,4.033175110816955566e-01,2.057168245315551758e+00,8.582233428955078125e+00,7.707291603088378906e+00,2.289219617843627930e+00,3.918409347534179688e-01,4.283289909362792969e-01,4.699285626411437988e-01,1.069155856966972351e-01,5.681401118636131287e-02,5.729561671614646912e-02,6.007543951272964478e-02,1.223882511258125305e-01,5.878444314002990723e-01,2.501496315002441406e+00,8.381589889526367188e+00,1.637130546569824219e+01,1.428055763244628906e+01,4.737116336822509766e+00,1.127788305282592773e+00,6.620630621910095215e-01,2.970785200595855713e-01,9.859768748283386230e-01,3.540628850460052490e-01,2.215053588151931763e-01,1.985610574483871460e-01,4.695912003517150879e-01,9.634864926338195801e-01,1.486005783081054688e+00,3.103728055953979492e+00,4.692200660705566406e+00,2.944208621978759766e+00,3.190716743469238281e+00,1.949316859245300293e+00,4.543946266174316406e+00,7.385354995727539062e+00,2.446878671646118164e+00,1.589463114738464355e+00,4.576039791107177734e+00,2.447321701049804688e+01,7.226853179931640625e+01,8.107412719726562500e+01,5.069528198242187500e+01,4.122367858886718750e+01,2.682711601257324219e+01,2.581926345825195312e+01,7.990740299224853516e+00,4.055183410644531250e+00,4.110344409942626953e+00,5.143501281738281250e+00,6.992957115173339844e+00,4.023139953613281250e+00,4.565796375274658203e+00,5.220063686370849609e+00,2.711176872253417969e+00,3.699124336242675781e+00,1.971828818321228027e+00,4.782240986824035645e-01,3.751895725727081299e-01,6.890568137168884277e-01,1.015181183815002441e+00,1.971166968345642090e+00,7.858117818832397461e-01,7.005852460861206055e-01,7.673724889755249023e-01,9.004046916961669922e-01,1.310980319976806641e+00,2.453522831201553345e-01,3.791611269116401672e-02,1.890864409506320953e-02,4.762631282210350037e-02,6.494524329900741577e-02,1.040103733539581299e-01,1.374932080507278442e-01,4.845988452434539795e-01,4.455850720405578613e-01,3.675141632556915283e-01,9.328666329383850098e-01,4.795951366424560547e+00,5.892312049865722656e+00,3.799169778823852539e+00,5.601098537445068359e+00,2.362909317016601562e+00,1.747221946716308594e+00,1.547923088073730469e+00,3.845469355583190918e-01,2.267143726348876953e-01,5.715036392211914062e-01,1.129789352416992188e+00,2.552608966827392578e+00,2.216963291168212891e+00,1.027047634124755859e+00,1.827701807022094727e+00,1.613233447074890137e+00,6.085483551025390625e+00,2.785503864288330078e+00,7.818248867988586426e-01,3.594742715358734131e-01,1.993031501770019531e-01,1.138453707098960876e-01,1.644881069660186768e-02,1.606555655598640442e-02,6.872327532619237900e-03,2.513671293854713440e-03,2.363456645980477333e-03,4.631727933883666992e-02,5.837477743625640869e-02,7.504802662879228592e-03,5.574734881520271301e-03,7.899913005530834198e-03,3.667373210191726685e-02,1.125844642519950867e-01,5.538311004638671875e-01,7.376702427864074707e-01,2.524563074111938477e-01,3.457036614418029785e-02

Feature: mfcc
-7.935163879394531250e+01,2.679529571533203125e+01,-1.880938339233398438e+01,1.637204360961914062e+01,-2.036059188842773438e+01,-7.294394493103027344e+00,-1.164998817443847656e+01,-3.117559432983398438e+01,5.516177177429199219e+00,-1.947465133666992188e+01,-4.447751045227050781e+00,-1.360749626159667969e+01,1.907405662536621094e+01,3.679400682449340820e+00,3.050330352783203125e+01,2.694045066833496094e+00,-8.657773971557617188e+00,5.657441139221191406e+00,-2.642522430419921875e+01,1.425854873657226562e+01,1.278971862792968750e+01,-1.184777450561523438e+01,-1.071082305908203125e+01,-2.283085632324218750e+01,-7.395712733268737793e-01,4.579881191253662109e+00,-6.816544532775878906e+00,1.106522464752197266e+01,6.506526470184326172e+00,2.332493209838867188e+01,-1.713262557983398438e+01,-1.232030487060546875e+01,-5.836941719055175781e+00,2.414006948471069336e+00,-5.969164848327636719e+00,9.140658378601074219e+00,1.184708833694458008e+00,-9.328394889831542969e+00,-6.847999095916748047e+00,1.391840076446533203e+01
-6.777110290527343750e+01,1.078351974487304688e+01,-3.651770019531250000e+01,1.685648536682128906e+01,-1.911111068725585938e+01,2.091170549392700195e+00,-9.847450256347656250e+00,-4.279407501220703125e+01,8.880997657775878906e+00,-1.914429473876953125e+01,-4.260757446289062500e+00,-1.955888938903808594e+01,1.687050628662109375e+01,9.568305969238281250e+00,4.026656341552734375e+01,8.903859257698059082e-01,-1.719529342651367188e+01,-1.842953324317932129e+00,-3.082909011840820312e+01,1.557566833496093750e+01,1.451033592224121094e+01,-1.560029029846191406e+01,-1.975020217895507812e+01,-2.662300872802734375e+01,5.505964756011962891e+00,1.489255905151367188e+00,-1.055850124359130859e+01,1.822683525085449219e+01,1.690892219543457031e+01,2.368731689453125000e+01,-2.802450370788574219e+01,-1.400812625885009766e+01,-3.862625956535339355e-01,-6.551055908203125000e-01,-1.283305835723876953e+01,1.119767761230468750e+01,-1.571475148200988770e+00,-1.163823127746582031e+01,1.579889535903930664e+00,2.327223205566406250e+01
-9.404407501220703125e+01,-2.869889140129089355e-01,-4.534690856933593750e+01,1.240646362304687500e+01,-1.411910629272460938e+01,7.181417465209960938e+00,-5.787525177001953125e+00,-4.934377288818359375e+01,1.054050254821777344e+01,-2.073031806945800781e+01,-6.919693946838378906e+00,-2.014969062805175781e+01,1.110529518127441406e+01,1.243826866149902344e+01,4.020432281494140625e+01,-4.908224105834960938e+00,-2.505067825317382812e+01,-1.089379501342773438e+01,-3.101601219177246094e+01,1.160150623321533203e+01,8.006507873535156250e+00,-2.642530441284179688e+01,-3.404174804687500000e+01,-2.370158386230468750e+01,1.163587284088134766e+01,2.763503074645996094e+00,-7.107594013214111328e+00,2.340540695190429688e+01,1.938856124877929688e+01,1.575325965881347656e+01,-3.323506927490234375e+01,-6.812787055969238281e+00,4.364627361297607422e+00,-8.088510513305664062e+00,-1.760313796997070312e+01,1.052376937866210938e+01,-6.820249557495117188e+00,-1.394800758361816406e+01,1.265584564208984375e+01,2.664058494567871094e+01
-1.141147918701171875e+02,-1.768071413040161133e+00,-4.551185226440429688e+01,1.233514118194580078e+01,-5.640054702758789062e+00,1.134497737884521484e+01,-4.176367759704589844e+00,-4.585845947265625000e+01,1.144634628295898438e+01,-2.082255172729492188e+01,-8.713682174682617188e+00,-1.513753318786621094e+01,1.534926033020019531e+01,1.539919185638427734e+01,3.947367858886718750e+01,-1.412399530410766602e+00,-2.628165817260742188e+01,-1.025790596008300781e+01,-2.472057342529296875e+01,8.978877067565917969e+00,5.677746534347534180e-01,-3.010456085205078125e+01,-3.918629455566406250e+01,-2.504519462585449219e+01,1.400907897949218750e+01,9.809600830078125000e+00,-5.457433700561523438e+00,2.479141616821289062e+01,1.701775741577148438e+01,4.242527484893798828e+00,-3.857014083862304688e+01,-6.935287952423095703e+00,4.582938194274902344e+00,-5.374528884887695312e+00,-1.491909027099609375e+01,8.216376304626464844e+00,-8.707211494445800781e+00,-1.151714706420898438e+01,2.001140213012695312e+01,2.554955673217773438e+01
-1.089287719726562500e+02,-3.085447311401367188e+00,-4.388467025756835938e+01,1.114361572265625000e+01,-4.981308937072753906e+00,1.274782752990722656e+01,-5.909279823303222656e+00,-4.486104583740234375e+01,7.865983009338378906e+00,-2.068579101562500000e+01,-9.530594825744628906e+00,-1.752921295166015625e+01,2.153813552856445312e+01,1.537115287780761719e+01,3.956922912597656250e+01,-5.674957275390625000e+00,-2.700986099243164062e+01,-1.008357620239257812e+01,-2.338285636901855469e+01,1.256532478332519531e+01,2.935753822326660156e+00,-2.388903427124023438e+01,-3.436343765258789062e+01,-2.209778594970703125e+01,9.432817459106445312e+00,7.100665569305419922e+00,-7.445020675659179688e+00,2.480880737304687500e+01,1.989452934265136719e+01,2.819414854049682617e+00,-3.356781768798828125e+01,-6.573778152465820312e+00,-2.137631773948669434e-01,-6.570164680480957031e+00,-1.373748779296875000e+01,8.161144256591796875e+00,-1.541877174377441406e+01,-1.389305114746093750e+01,2.347558975219726562e+01,2.323471832275390625e+01
-9.111381530761718750e+01,-8.200052261352539062e+00,-5.003534317016601562e+01,2.009181594848632812e+01,-4.728545188903808594e+00,8.670535087585449219e+00,-7.350264549255371094e+00,-4.126558685302734375e+01,8.480203628540039062e+00,-1.954740524291992188e+01,-1.033396720886230469e+01,-2.659363174438476562e+01,2.316396713256835938e+01,1.243158340454101562e+01,4.089357757568359375e+01,-4.546869277954101562e+00,-2.442439079284667969e+01,-1.411525440216064453e+01,-2.816791534423828125e+01,1.002535820007324219e+01,7.901701927185058594e+00,-2.112334823608398438e+01,-3.484519195556640625e+01,-2.083069038391113281e+01,1.151278114318847656e+01,6.250886917114257812e+00,-9.935377120971679688e+00,2.173523330688476562e+01,2.770881843566894531e+01,5.791877746582031250e+00,-3.573107147216796875e+01,-8.772940635681152344e+00,2.946512699127197266e+00,-5.405599117279052734e+00,-1.589028549194335938e+01,1.672745585441589355e+00,-1.600780487060546875e+01,-1.934102249145507812e+01,1.565384101867675781e+01,3.137372207641601562e+01
-7.960352325439453125e+01,-1.638137054443359375e+01,-5.882225036621093750e+01,2.001085662841796875e+01,-9.385334014892578125e+00,6.974680423736572266e+00,-1.005233478546142578e+01,-3.476381301879882812e+01,1.105419731140136719e+01,-1.823914337158203125e+01,-1.238197517395019531e+01,-3.195586395263671875e+01,2.433376121520996094e+01,4.716572761535644531e+00,4.551662445068359375e+01,4.479222297668457031e+00,-1.514385223388671875e+01,-1.642028045654296875e+01,-3.720346832275390625e+01,3.091977119445800781e+00,1.406090927124023438e+01,-1.528884315490722656e+01,-3.703054809570312500e+01,-2.400854873657226562e+01,7.246412277221679688e+00,6.303928375244140625e+00,-9.201476097106933594e+00,1.532869052886962891e+01,2.899606895446777344e+01,1.647685050964355469e+01,-3.039500236511230469e+01,-1.722501182556152344e+01,-7.109831571578979492e-01,-2.290582656860351562e+00,-1.446159648895263672e+01,-2.523948669433593750e+00,-1.022518539428710938e+01,-1.820480346679687500e+01,4.998722076416015625e+00,3.045541381835937500e+01
-6.523254394531250000e+01,-1.702269363403320312e+01,-6.340325164794921875e+01,2.048587608337402344e+01,-1.581968975067138672e+01,1.136041355133056641e+01,-1.230401992797851562e+01,-3.334266662597656250e+01,8.417278289794921875e+00,-1.933402252197265625e+01,-2.047994041442871094e+01,-4.114990997314453125e+01,2.696369743347167969e+01,4.415825843811035156e+00,4.753007888793945312e+01,1.400158500671386719e+01,-5.128350257873535156e+00,-1.422378635406494141e+01,-5.044462585449218750e+01,-4.759533882141113281e+00,1.852304458618164062e+01,-3.952659368515014648e+00,-3.523490524291992188e+01,-2.903335571289062500e+01,4.941046237945556641e+00,7.605319976806640625e+00,-6.163805961608886719e+00,-2.392874717712402344e+00,2.062644958496093750e+01,3.054322052001953125e+01,-8.577798843383789062e+00,-1.948738098144531250e+01,-7.441051483154296875e+00,5.708896636962890625e+00,-1.059882068634033203e+01,-7.212134361267089844e+00,-2.012799501419067383e+00,-9.557297706604003906e+00,-1.259035301208496094e+01,1.060544586181640625e+01
-5.941477203369140625e+01,-1.220740318298339844e+01,-5.683767700195312500e+01,2.457699966430664062e+01,-1.177973079681396484e+01,1.973979759216308594e+01,-1.576188945770263672e+01,-2.882577705383300781e+01,6.772508621215820312e+00,-1.928241348266601562e+01,-2.086209678649902344e+01,-4.571570587158203125e+01,2.000935745239257812e+01,6.120053291320800781e+00,4.708245849609375000e+01,1.743059921264648438e+01,2.472169160842895508e+00,-1.050977325439453125e+01,-5.308222961425781250e+01,-1.255287361145019531e+01,1.191926193237304688e+01,-3.505182027816772461e+00,-3.045895767211914062e+01,-3.397335815429687500e+01,1.059741139411926270e+00,1.345740675926208496e+00,-2.138977527618408203e+00,-6.456242561340332031e+00,1.029757213592529297e+01,3.147398948669433594e+01,3.558962821960449219e+00,-1.559357070922851562e+01,-1.291189384460449219e+01,1.238979339599609375e+00,-7.575791358947753906e+00,-8.504533767700195312e+00,1.847369194030761719e+00,3.612571001052856445e+00,-1.372459030151367188e+01,-2.960628509521484375e+00
-5.050627517700195312e+01,-1.319617843627929688e+01,-5.894122314453125000e+01,1.937793159484863281e+01,-8.006904602050781250e+00,2.702571105957031250e+01,-2.018883514404296875e+01,-2.709403991699218750e+01,1.153699779510498047e+01,-2.074271392822265625e+01,-1.577104377746582031e+01,-4.875526809692382812e+01,1.112143516540527344e+01,1.055800199508666992e+00,5.063701248168945312e+01,2.115760421752929688e+01,7.370713710784912109e+00,-4.372377395629882812e+00,-5.043286895751953125e+01,-2.099140739440917969e+01,4.717085361480712891e+00,1.672942936420440674e-01,-2.139020156860351562e+01,-3.630530548095703125e+01,-1.219688796997070312e+01,-2.289852142333984375e+00,3.150353431701660156e-01,-5.797752380371093750e+00,2.706933021545410156e-02,2.632105636596679688e+01,1.345618629455566406e+01,-4.534984588623046875e+00,-1.614071846008300781e+01,-3.716064691543579102e-01,-3.094871759414672852e+00,-1.152705764770507812e+01,-5.356822013854980469e+00,1.282692337036132812e+01,-7.019077301025390625e+00,-1.408963584899902344e+01
-4.849370193481445312e+01,-1.165956878662109375e+01,-6.765692138671875000e+01,1.616373252868652344e+01,-4.046360015869140625e+00,2.958144950866699219e+01,-2.585760498046875000e+01,-2.932070922851562500e+01,1.519878768920898438e+01,-1.572820281982421875e+01,-1.100538063049316406e+01,-5.100805664062500000e+01,-1.618757247924804688e+00,-8.571193695068359375e+00,4.868568801879882812e+01,2.315772056579589844e+01,1.172845554351806641e+01,1.920698285102844238e+00,-4.205340576171875000e+01,-2.388909149169921875e+01,-2.516593217849731445e+00,1.864173531532287598e+00,-6.191670417785644531e+00,-2.590622901916503906e+01,-1.987967681884765625e+01,-8.185855865478515625e+00,4.959559440612792969e+00,6.405983865261077881e-02,-4.671458244323730469e+00,1.256710052490234375e+01,1.842341232299804688e+01,7.974476814270019531e+00,-1.551636981964111328e+01,-1.404870748519897461e+00,-2.641707062721252441e-01,-8.672566413879394531e+00,-1.572229480743408203e+01,8.155136108398437500e+00,-7.527872323989868164e-01,-1.084104061126708984e+01
-3.390367507934570312e+01,-1.345651435852050781e+01,-8.242491149902343750e+01,1.247196388244628906e+01,-4.057227134704589844e+00,3.188516616821289062e+01,-2.604726028442382812e+01,-2.861927604675292969e+01,1.268976974487304688e+01,-1.368345832824707031e+01,-5.058681011199951172e+00,-4.812191009521484375e+01,-1.004288673400878906e+01,-1.653321456909179688e+01,4.074766159057617188e+01,2.251726913452148438e+01,1.834542465209960938e+01,1.795269775390625000e+01,-3.051091384887695312e+01,-2.781730270385742188e+01,-1.883757781982421875e+01,-8.106765747070312500e+00,1.024840354919433594e+00,-1.333299827575683594e+01,-2.173499107360839844e+01,-1.726955604553222656e+01,5.762952804565429688e+00,7.120217800140380859e+00,-4.145453453063964844e+00,-3.297924041748046875e+00,5.935286998748779297e+00,7.145178794860839844e+00,-2.425803899765014648e+00,1.076589465141296387e+00,4.364084720611572266e+00,5.070989608764648438e+00,-1.514615440368652344e+01,-8.395887374877929688e+00,-6.836293697357177734e+00,4.321436405181884766e+00
-4.125219345092773438e+01,-1.720842933654785156e+01,-8.142668151855468750e+01,5.524522304534912109e+00,-9.979724884033203125e+00,3.160669136047363281e+01,-2.666137695312500000e+01,-3.113513565063476562e+01,7.401642799377441406e+00,-1.526513671875000000e+01,5.237485766410827637e-01,-4.050957107543945312e+01,-8.925336837768554688e+00,-2.112098312377929688e+01,3.293364715576171875e+01,2.031548118591308594e+01,2.382441329956054688e+01,2.502029991149902344e+01,-2.223565292358398438e+01,-2.468762969970703125e+01,-2.210325431823730469e+01,-1.410484409332275391e+01,3.388189077377319336e+00,-1.188603973388671875e+01,-2.228128051757812500e+01,-2.015518760681152344e+01,4.958708286285400391e+00,1.023701286315917969e+01,-2.138532400131225586e+00,-1.456258010864257812e+01,-5.989100456237792969e+00,5.683436393737792969e+00,9.503001213073730469e+00,5.017261505126953125e+00,2.276521205902099609e+00,1.219082260131835938e+01,-7.060222625732421875e+00,-1.663041496276855469e+01,-1.325260353088378906e+01,1.155453109741210938e+01
-4.554734802246093750e+01,-1.326739883422851562e+01,-7.497386169433593750e+01,-4.422017633914947510e-01,-1.213684368133544922e+01,3.360181808471679688e+01,-2.107458496093750000e+01,-2.923016357421875000e+01,9.925313949584960938e+00,-1.803837203979492188e+01,3.253740072250366211e-01,-4.112643051147460938e+01,-8.327650070190429688e+00,-1.992284393310546875e+01,2.775226593017578125e+01,1.526093578338623047e+01,2.454152679443359375e+01,2.685766983032226562e+01,-2.084478759765625000e+01,-2.280926132202148438e+01,-2.448196029663085938e+01,-1.837411880493164062e+01,2.762776613235473633e+00,-1.083911895751953125e+01,-2.112231063842773438e+01,-1.893897628784179688e+01,2.094757556915283203e+00,1.101181411743164062e+01,6.873860359191894531e-01,-1.474312782287597656e+01,-5.312577247619628906e+00,1.116850471496582031e+01,1.036950969696044922e+01,4.731577396392822266e+00,-4.006943702697753906e+00,1.538270759582519531e+01,-4.856975555419921875e+00,-1.677247238159179688e+01,-1.485860633850097656e+01,1.012888336181640625e+01
-2.013150596618652344e+01,-6.869852542877197266e-01,-7.822717285156250000e+01,-1.518999290466308594e+01,-1.992175102233886719e+01,2.694671249389648438e+01,-2.624507713317871094e+01,-2.880496978759765625e+01,1.292890357971191406e+01,-1.676229476928710938e+01,7.441423892974853516e+00,-3.002169418334960938e+01,-1.178474903106689453e+01,-2.682563400268554688e+01,1.589294052124023438e+01,-4.547405242919921875e+00,9.523233413696289062e+00,3.011212921142578125e+01,2.505455493927001953e+00,4.739392757415771484e+00,-1.025415706634521484e+01,-2.644725418090820312e+01,-1.360942459106445312e+01,-7.103398799896240234e+00,-8.854552268981933594e+00,-1.761954879760742188e+01,-8.788150787353515625e+00,3.929500341415405273e+00,3.653626680374145508e+00,-6.295521736145019531e+00,-1.866919159889221191e+00,1.671950101852416992e+00,-3.856041729450225830e-01,5.426761150360107422e+00,-9.195128440856933594e+00,9.720465660095214844e+00,6.105527877807617188e+00,3.504014492034912109e+00,-7.865781784057617188e+00,1.049269676208496094e+01
-2.873346328735351562e+01,1.168016242980957031e+01,-7.101911926269531250e+01,-2.236907196044921875e+01,-2.197749710083007812e+01,2.355749320983886719e+01,-3.031996917724609375e+01,-3.230541610717773438e+01,9.189893722534179688e+00,-1.822448730468750000e+01,1.033122634887695312e+01,-1.766374206542968750e+01,-6.590229034423828125e+00,-2.558460617065429688e+01,1.460333442687988281e+01,-9.037446975708007812e+00,3.159336566925048828e+00,2.665051841735839844e+01,5.621933937072753906e+00,1.789740371704101562e+01,4.243992805480957031e+00,-1.870642471313476562e+01,-1.779763603210449219e+01,-7.581183433532714844e+00,-2.360966444015502930e+00,-1.029255867004394531e+01,-7.740928649902343750e+00,-4.194064140319824219e-01,9.242877960205078125e-01,-3.107884168624877930e+00,-7.061707973480224609e-01,-3.841528415679931641e+00,-7.742745399475097656e+00,6.866134166717529297e+00,-5.381314277648925781e+00,6.974387645721435547e+00,1.438396930694580078e+00,7.243145465850830078e+00,-1.844041794538497925e-01,9.070835113525390625e+00

Feature: rms
1.344717890024185181e-01
1.714338213205337524e-01
2.111188173294067383e-01
2.276418954133987427e-01
2.427759915590286255e-01
2.550661265850067139e-01
2.632326185703277588e-01
2.770883738994598389e-01
2.795349061489105225e-01
2.880374789237976074e-01
2.884622216224670410e-01
2.792523503303527832e-01
2.781274318695068359e-01
2.596046030521392822e-01
2.251810878515243530e-01
1.824563592672348022e-01

Feature: spectral_centroid
4.072723326154563892e+03
3.974447568496164877e+03
3.787543974795833947e+03
3.591589480201925653e+03
3.656617285669921330e+03
3.604699719417436427e+03
3.659548288469126419e+03
3.604421675826844421e+03
3.611205692509651271e+03
3.704388408399535365e+03
3.670496882549341535e+03
3.621022318943213577e+03
3.691097161788544327e+03
3.763991762082872810e+03
3.732170913604366433e+03
3.684070209748165325e+03

Feature: spectral_bandwidth
2.823922281947020565e+03
2.668811854471351580e+03
2.690396112135174462e+03
2.671240830050503064e+03
2.727105034725357655e+03
2.577059415782866381e+03
2.526983615162971546e+03
2.409780609245606684e+03
2.395778003249823541e+03
2.457555253075986911e+03
2.445569427806451131e+03
2.334864193645624709e+03
2.362264415115952943e+03
2.473336960704870307e+03
2.499844595903249228e+03
2.615272996156966201e+03

Feature: spectral_contrast
6.960867047381185557e+00,6.340620061891729442e+00,1.645431207376569560e+01,1.866984206384382361e+01,1.547434388983293196e+01,2.190997839602045616e+01,1.968260074266846971e+01
9.706188310703502964e+00,1.579474012642028313e+01,2.386018251584067684e+01,2.309345749795737390e+01,2.102105785888100087e+01,2.294691024558366266e+01,2.200674787685208855e+01
1.806718169966392651e+01,1.107452334571433994e+01,3.868326839187022870e+01,2.799822461654401451e+01,2.490457784293613130e+01,2.498504021845239720e+01,4.618046028340102538e+01
2.220275170356605443e+01,1.303633782439070465e+01,3.452052299389521295e+01,3.320492807220463760e+01,2.616028954351370572e+01,2.878482059416000993e+01,4.249023096671531619e+01
2.438984805229126707e+01,1.010826151099624504e+01,2.861209449179036568e+01,3.217125434797456052e+01,2.689044272020812443e+01,2.912158287722476402e+01,4.353819971986035853e+01
2.387560765500989390e+01,7.030431173026427061e+00,2.575233604614407312e+01,3.012267747500592918e+01,2.705922758727498945e+01,2.651714686248673658e+01,4.052693815920149945e+01
1.644748189913480374e+01,9.616196071065953532e+00,2.725981584882456232e+01,2.605176359175613499e+01,2.691283452962824185e+01,2.372233609312563374e+01,3.958045853426060035e+01
2.044153059770568248e+01,1.176734149633003135e+01,2.740041131130094954e+01,2.586992229252863496e+01,2.569490351187361910e+01,2.222640273682681311e+01,4.201648384556619931e+01
2.590420833163504355e+01,1.544983622076644458e+01,2.891279699330380382e+01,2.552372563714503428e+01,3.063071134898924441e+01,2.223796485649310739e+01,4.427015603307427938e+01
2.598919941671137934e+01,1.361811578851786741e+01,3.148634416831747984e+01,2.707211358420768477e+01,2.660446638431368527e+01,2.171810735367900946e+01,4.349991741858624295e+01
2.857251378257855734e+01,7.904936992553752262e+00,2.304909785250239196e+01,2.728833584719455629e+01,2.510482315701923639e+01,1.953197118061348192e+01,4.195352384652969846e+01
2.538269845733047703e+01,1.360905221784472552e+01,3.018130747666117486e+01,2.522665796638827373e+01,2.352213273934264492e+01,1.670051521422830376e+01,4.147414679120606706e+01
2.609151549866925990e+01,1.572825966190096558e+01,2.636883606373308098e+01,2.614601051724862302e+01,2.504852285470808937e+01,1.631681347117060810e+01,4.363422243165593528e+01
2.422632442859314494e+01,1.072512403613762899e+01,2.761944072818766216e+01,2.058434680207284018e+01,2.872397326974786225e+01,1.802088292123868030e+01,4.511626692967694652e+01
1.482345553753644474e+01,2.017396754012987969e+01,2.269068539937130424e+01,1.534662978479629558e+01,2.366506490820401964e+01,1.406751365492784878e+01,2.683483069929516063e+01
8.405015820647758318e+00,1.822395734349656848e+01,1.370476909760759376e+01,1.951185085011422871e+01,2.111156182017676386e+01,1.846309927821952712e+01,2.161523164323320856e+01

Feature: spectral_flatness
5.453461781144142151e-02
2.860034070909023285e-02
1.138342078775167465e-02
5.482818931341171265e-03
5.524876993149518967e-03
9.077273309230804443e-03
1.282454933971166611e-02
1.548756659030914307e-02
1.239588204771280289e-02
1.560402847826480865e-02
1.773829758167266846e-02
2.642797864973545074e-02
2.207886427640914917e-02
2.045874483883380890e-02
4.503196477890014648e-02
6.270076334476470947e-02

Feature: spectral_rolloff
6.395361328125000000e+03
6.072363281250000000e+03
6.072363281250000000e+03
5.975463867187500000e+03
6.180029296875000000e+03
6.029296875000000000e+03
6.040063476562500000e+03
6.104663085937500000e+03
6.115429687500000000e+03
6.104663085937500000e+03
6.126196289062500000e+03
6.083129882812500000e+03
6.126196289062500000e+03
6.147729492187500000e+03
6.147729492187500000e+03
6.190795898437500000e+03

Feature: poly_features
-2.473491248436235097e-04,3.107078889347827833e+00
-3.843271806333865663e-04,4.654627313177559955e+00
-3.856468226879498419e-04,4.394881187418448576e+00
-3.578156291806380254e-04,3.862953617341369661e+00
-3.514908274780697184e-04,3.859741178630505143e+00
-4.835209788277181845e-04,5.237615525963334129e+00
-5.484019705355321593e-04,6.026777657002148736e+00
-6.254476235812376486e-04,6.774514220481490767e+00
-6.066720134201052453e-04,6.582660670710673401e+00
-6.357508542065153393e-04,7.073071433917031747e+00
-6.142421151131874065e-04,6.770338728129588368e+00
-7.148423569577178711e-04,7.776160560443055481e+00
-6.329673885921867620e-04,7.016177676678099218e+00
-5.622707525603241928e-04,6.363149377411859930e+00
-6.418277707973708964e-04,7.196900024008514585e+00
-5.313728019876422107e-04,5.878665322801917448e+00

Feature: tonnetz
3.367919303076584436e-02,-1.889255006292602512e-01,2.611621432006356880e-01,-1.171068716794254894e-01,-8.876483261777283473e-02,-5.611927947029481806e-02
8.576555903773383505e-02,-2.971892240664906204e-01,3.956817351281640693e-01,-1.179824396967888434e-01,-1.259068104855798065e-01,2.115862444043139362e-02
1.644053930569528144e-01,1.490755020878755943e-01,3.431386835873125318e-01,2.063925666734574005e-01,-2.077217490215121920e-02,9.457843448035421763e-02
1.820403705418900120e-01,2.638435889043141969e-01,3.266354352235792402e-01,2.713401624932882394e-01,1.092770144305871272e-02,1.293631729204208769e-01
1.696317408777247016e-01,1.794885070977815245e-01,3.370029665529725715e-01,2.370567098259923622e-01,5.033962721158758693e-04,1.364300372079015611e-01
1.676265087068760651e-01,3.850602097804023405e-02,4.319360814988610908e-01,1.535684345290063146e-01,-3.538501772002144302e-02,8.868952118791639805e-02
1.385961821893529899e-01,-3.990448987175091444e-01,4.148391252383587524e-01,-1.310470360331237316e-01,-1.443108338944498192e-01,7.617971987929170186e-02
-9.380274339611693879e-03,-1.836503523642640245e-01,3.421045960858462576e-01,-2.599303461611272015e-01,-4.963434002761574204e-02,-5.145220947451884658e-02
-2.930834447254224151e-01,1.520587197895625353e-01,1.168412957340477787e-01,-4.417011113837364111e-01,1.243644883534501533e-01,-9.905242430977471979e-02
-2.195275995456776319e-01,1.668834116049035809e-01,4.322108253836617897e-02,-4.237864250317220360e-01,1.450686530268123497e-01,-6.298048305325154583e-02
8.654820526846877804e-02,-8.994391077051026168e-03,-6.701591424644215422e-03,-2.229727697558709643e-01,4.349913323564664341e-02,1.412432955112332723e-02
4.998262573478032961e-02,-8.441977352694438053e-02,-5.137668363750041989e-02,-2.244880050420850620e-02,-2.821797685183501450e-02,3.912760596722368589e-02
-5.882723142970169156e-02,-3.543162927810702273e-02,1.274894513189785972e-01,1.561415605247015725e-01,-1.031443827479644887e-01,2.766512334345668607e-04
-1.456848136417712158e-01,-9.576441303525734527e-02,1.919985376298340152e-02,9.495969768613515827e-02,-6.079271489044708876e-02,4.411093192175008157e-03
-7.164989065635233439e-03,-3.506294811113680639e-03,1.772556323558087121e-01,6.319363694637965267e-02,-5.916890106284713319e-02,7.443845970556126936e-03
2.738428956344540061e-02,-7.874649082132782751e-02,1.239414382725950170e-01,-9.390049055218747942e-02,-2.350461816819820332e-02,7.964759087190036169e-02

Feature: zero_crossing_rate
1.420898437500000000e-01
1.987304687500000000e-01
2.568359375000000000e-01
2.343750000000000000e-01
2.202148437500000000e-01
2.314453125000000000e-01
2.377929687500000000e-01
2.475585937500000000e-01
2.612304687500000000e-01
2.456054687500000000e-01
2.382812500000000000e-01
2.280273437500000000e-01
2.192382812500000000e-01
2.255859375000000000e-01
1.860351562500000000e-01
1.289062500000000000e-01

