Feature: chroma_stft
1.635733544826507568e-01,7.614949941635131836e-01,1.000000000000000000e+00,2.033157944679260254e-01,1.549185346812009811e-02,5.410416051745414734e-03,3.237523371353745461e-03,8.678128942847251892e-03,1.225060690194368362e-02,9.899906814098358154e-03,1.424192637205123901e-02,3.384052589535713196e-02
2.280361950397491455e-02,2.469529807567596436e-01,1.000000000000000000e+00,2.911076247692108154e-01,7.201048079878091812e-03,1.061075716279447079e-03,6.663709064014256001e-04,2.384339924901723862e-03,2.326806308701634407e-03,3.148016054183244705e-03,2.838204149156808853e-03,3.946088254451751709e-03
5.110125988721847534e-03,1.357199847698211670e-01,1.000000000000000000e+00,2.569801509380340576e-01,3.244207473471760750e-03,3.645312972366809845e-04,3.715259954333305359e-04,1.612713560461997986e-03,1.096852007322013378e-03,1.449128845706582069e-03,7.290098583325743675e-04,7.731866207905113697e-04
2.252548700198531151e-03,1.784995794296264648e-01,1.000000000000000000e+00,1.909969002008438110e-01,1.974695827811956406e-03,3.167033428326249123e-04,2.646598441060632467e-04,7.235693046823143959e-04,6.628127885051071644e-04,1.292573870159685612e-03,3.664489486254751682e-04,2.628105867188423872e-04
2.626723609864711761e-03,1.575392782688140869e-01,1.000000000000000000e+00,2.113330066204071045e-01,3.475553356111049652e-03,4.028087132610380650e-04,2.769669808913022280e-04,3.747914452105760574e-04,3.944681375287473202e-04,1.133324461989104748e-03,3.332994238007813692e-04,2.889758034143596888e-04
2.022224245592951775e-03,1.152622103691101074e-01,1.000000000000000000e+00,3.476623296737670898e-01,8.235828019678592682e-03,2.903820713981986046e-04,3.004691971000283957e-04,6.752131739631295204e-04,5.243450868874788284e-04,7.499682251363992691e-04,3.153304278384894133e-04,2.070445771096274257e-04
1.178689068183302879e-03,9.429442137479782104e-02,1.000000000000000000e+00,3.625955879688262939e-01,7.010413799434900284e-03,2.441422548145055771e-04,2.634914417285472155e-04,3.018040442839264870e-04,2.864132693503051996e-04,3.374357183929532766e-04,2.879489038605242968e-04,1.992788747884333134e-04
7.395101711153984070e-04,8.754217624664306641e-02,1.000000000000000000e+00,3.990708887577056885e-01,6.508246529847383499e-03,1.788823283277451992e-04,2.532698272261768579e-04,1.276312978006899357e-04,1.291636435780674219e-04,2.199486771132797003e-04,1.661027781665325165e-04,1.312221429543569684e-04
6.834851228632032871e-04,7.973890006542205811e-02,1.000000000000000000e+00,4.216882884502410889e-01,7.864216342568397522e-03,1.873778237495571375e-04,2.743437944445759058e-04,1.370581740047782660e-04,1.801400649128481746e-04,2.480982220731675625e-04,1.923955860547721386e-04,1.259050768567249179e-04
1.091922400519251823e-03,7.917673140764236450e-02,1.000000000000000000e+00,6.688390374183654785e-01,2.418738417327404022e-02,3.725307469721883535e-04,4.712841764558106661e-04,3.675442712847143412e-04,5.571348592638969421e-04,3.928335790988057852e-04,3.788940084632486105e-04,2.810353762470185757e-04
1.510812784545123577e-03,2.626322023570537567e-02,6.204848885536193848e-01,1.000000000000000000e+00,5.216500163078308105e-02,5.578199052251875401e-04,5.941862473264336586e-04,9.204640518873929977e-04,1.032832311466336250e-03,7.047376711852848530e-04,6.791768828406929970e-04,6.361214909702539444e-04
1.490395865403115749e-03,2.229827642440795898e-02,6.290515661239624023e-01,1.000000000000000000e+00,6.314019113779067993e-02,7.556707132607698441e-04,5.073209758847951889e-04,9.765601134859025478e-04,9.384847944602370262e-04,1.070384401828050613e-03,1.061456743627786636e-03,1.041730749420821667e-03
1.386133488267660141e-03,1.203136891126632690e-02,3.029171526432037354e-01,1.000000000000000000e+00,1.870631873607635498e-01,2.597268205136060715e-03,5.259678582660853863e-04,7.494584424421191216e-04,9.113418636843562126e-04,1.000875025056302547e-03,1.048441976308822632e-03,7.130316807888448238e-04
1.803785795345902443e-03,1.131755486130714417e-02,2.924393117427825928e-01,1.000000000000000000e+00,4.483272433280944824e-01,9.500271640717983246e-03,7.857000455260276794e-04,9.349187021143734455e-04,1.169822760857641697e-03,1.253399299457669258e-03,1.650621648877859116e-03,1.461213105358183384e-03
2.868998330086469650e-03,1.546038500964641571e-02,1.981357336044311523e-01,1.000000000000000000e+00,7.685309052467346191e-01,2.031196840107440948e-02,1.177736325189471245e-03,1.425078720785677433e-03,1.775710261426866055e-03,1.683323644101619720e-03,2.404598752036690712e-03,3.639109432697296143e-03
3.984874580055475235e-03,1.334785297513008118e-02,1.549757272005081177e-01,1.000000000000000000e+00,6.677898764610290527e-01,2.912055514752864838e-02,4.213212057948112488e-03,2.569967415183782578e-03,2.990252571180462837e-03,2.916576340794563293e-03,3.197838785126805305e-03,4.710806068032979965e-03

Feature: chroma_cqt
4.507248997688293457e-01,8.995484113693237305e-01,1.000000000000000000e+00,3.392539620399475098e-01,1.458710432052612305e-01,1.143248826265335083e-01,1.117406487464904785e-01,1.261682808399200439e-01,1.622676104307174683e-01,1.585507690906524658e-01,1.924424618482589722e-01,2.132633477449417114e-01
1.457864940166473389e-01,3.209161162376403809e-01,1.000000000000000000e+00,2.584193944931030273e-01,5.376175045967102051e-02,4.170699417591094971e-02,3.421412035822868347e-02,5.881480872631072998e-02,5.195342749357223511e-02,8.102895319461822510e-02,6.991872936487197876e-02,5.412607640027999878e-02
8.309128880500793457e-02,1.415538489818572998e-01,1.000000000000000000e+00,1.236704885959625244e-01,3.820241242647171021e-02,3.058761917054653168e-02,2.771206386387348175e-02,4.578004032373428345e-02,3.294295445084571838e-02,4.094242304563522339e-02,3.011938557028770447e-02,2.773096971213817596e-02
4.439676180481910706e-02,9.585899114608764648e-02,1.000000000000000000e+00,5.656417086720466614e-02,3.515678271651268005e-02,3.119979612529277802e-02,2.440972998738288879e-02,3.150404617190361023e-02,2.950507588684558868e-02,3.948230296373367310e-02,2.415943332016468048e-02,2.617846429347991943e-02
5.758945643901824951e-02,9.140840172767639160e-02,1.000000000000000000e+00,1.321891695261001587e-01,3.686368837952613831e-02,3.577794507145881653e-02,2.926799468696117401e-02,2.650085650384426117e-02,2.666532993316650391e-02,3.487707674503326416e-02,2.849001437425613403e-02,2.710604667663574219e-02
4.808688163757324219e-02,1.333950906991958618e-01,1.000000000000000000e+00,2.894850373268127441e-01,3.268349170684814453e-02,3.216664120554924011e-02,2.946488931775093079e-02,3.311656415462493896e-02,3.192795068025588989e-02,3.055110573768615723e-02,2.833184227347373962e-02,2.743974141776561737e-02
3.674042969942092896e-02,1.071278452873229980e-01,1.000000000000000000e+00,2.316303700208663940e-01,2.583128400146961212e-02,2.509736828505992889e-02,2.386240288615226746e-02,2.676430717110633850e-02,2.848088741302490234e-02,2.077430672943592072e-02,3.316390141844749451e-02,2.996895089745521545e-02
2.522965520620346069e-02,9.452560544013977051e-02,1.000000000000000000e+00,2.539768815040588379e-01,2.644451148808002472e-02,1.733040995895862579e-02,2.982664108276367188e-02,2.008340880274772644e-02,2.185526676476001740e-02,1.950123533606529236e-02,2.081043645739555359e-02,2.125593088567256927e-02
2.728648483753204346e-02,8.048920333385467529e-02,1.000000000000000000e+00,2.678052186965942383e-01,2.563519962131977081e-02,1.972035691142082214e-02,2.767936140298843384e-02,1.883668079972267151e-02,2.298189140856266022e-02,2.305817790329456329e-02,2.190985716879367828e-02,2.005885355174541473e-02
3.014784678816795349e-02,1.056353971362113953e-01,1.000000000000000000e+00,5.868057608604431152e-01,2.746408618986606598e-02,2.681590802967548370e-02,4.064923152327537537e-02,2.216364815831184387e-02,3.962414339184761047e-02,3.011083416640758514e-02,3.291522711515426636e-02,2.615361288189888000e-02
5.129536613821983337e-02,8.348141610622406006e-02,5.466770529747009277e-01,1.000000000000000000e+00,3.962019085884094238e-02,3.352545574307441711e-02,4.832140356302261353e-02,4.372669756412506104e-02,5.329720675945281982e-02,4.342522472143173218e-02,4.590921476483345032e-02,2.680741995573043823e-02
5.995895713567733765e-02,5.830467492341995239e-02,6.140598058700561523e-01,1.000000000000000000e+00,8.403171598911285400e-02,2.816756255924701691e-02,4.544609412550926208e-02,4.793717339634895325e-02,5.733852460980415344e-02,5.856943503022193909e-02,4.277870804071426392e-02,4.953635483980178833e-02
5.241664871573448181e-02,3.965699672698974609e-02,2.391887754201889038e-01,1.000000000000000000e+00,1.485270708799362183e-01,2.211830765008926392e-02,3.475304320454597473e-02,3.710195422172546387e-02,4.730620980262756348e-02,4.150398448109626770e-02,4.226126521825790405e-02,2.787745930254459381e-02
5.627411603927612305e-02,7.143729180097579956e-02,3.752759695053100586e-01,1.000000000000000000e+00,3.626714050769805908e-01,3.795190900564193726e-02,4.634753242135047913e-02,5.020258203148841858e-02,6.156863644719123840e-02,4.907534271478652954e-02,6.199132651090621948e-02,5.161933600902557373e-02
7.751957327127456665e-02,1.279897987842559814e-01,4.924166798591613770e-01,1.000000000000000000e+00,6.692067980766296387e-01,8.034002035856246948e-02,6.157209351658821106e-02,7.695847004652023315e-02,1.044059395790100098e-01,8.150041848421096802e-02,8.407337218523025513e-02,1.009463146328926086e-01
8.665004372596740723e-02,1.426056772470474243e-01,2.909640371799468994e-01,1.000000000000000000e+00,5.774912238121032715e-01,1.404684931039810181e-01,1.053891405463218689e-01,8.654468506574630737e-02,1.073319986462593079e-01,8.878931403160095215e-02,8.945947885513305664e-02,9.688925743103027344e-02

Feature: chroma_cens
8.692795038223266602e-02,2.569338381290435791e-01,8.429893255233764648e-01,4.611945748329162598e-01,5.116854608058929443e-02,0.000000000000000000e+00,0.000000000000000000e+00,0.000000000000000000e+00,0.000000000000000000e+00,0.000000000000000000e+00,0.000000000000000000e+00,2.188407257199287415e-02
8.121450245380401611e-02,2.483381927013397217e-01,8.370411992073059082e-01,4.765342175960540771e-01,5.998660251498222351e-02,0.000000000000000000e+00,0.000000000000000000e+00,0.000000000000000000e+00,0.000000000000000000e+00,0.000000000000000000e+00,0.000000000000000000e+00,2.027516067028045654e-02
7.586054503917694092e-02,2.401347905397415161e-01,8.308435678482055664e-01,4.911184608936309814e-01,6.877098977565765381e-02,0.000000000000000000e+00,0.000000000000000000e+00,0.000000000000000000e+00,0.000000000000000000e+00,0.000000000000000000e+00,0.000000000000000000e+00,1.877863891422748566e-02
7.080907374620437622e-02,2.322584837675094604e-01,8.244163393974304199e-01,5.050433874130249023e-01,7.751750946044921875e-02,0.000000000000000000e+00,0.000000000000000000e+00,0.000000000000000000e+00,0.000000000000000000e+00,0.000000000000000000e+00,0.000000000000000000e+00,1.737669855356216431e-02
6.601013988256454468e-02,2.246483117341995239e-01,8.177627921104431152e-01,5.184058547019958496e-01,8.624092489480972290e-02,0.000000000000000000e+00,0.000000000000000000e+00,0.000000000000000000e+00,0.000000000000000000e+00,0.000000000000000000e+00,0.000000000000000000e+00,1.605406403541564941e-02
6.141994893550872803e-02,2.172475159168243408e-01,8.108726143836975098e-01,5.312990546226501465e-01,9.496869891881942749e-02,0.000000000000000000e+00,0.000000000000000000e+00,0.000000000000000000e+00,0.000000000000000000e+00,0.000000000000000000e+00,0.000000000000000000e+00,1.479762978851795197e-02
5.700006335973739624e-02,2.100031375885009766e-01,8.037241697311401367e-01,5.438113808631896973e-01,1.037373021245002747e-01,0.000000000000000000e+00,0.000000000000000000e+00,0.000000000000000000e+00,0.000000000000000000e+00,0.000000000000000000e+00,0.000000000000000000e+00,1.359614264219999313e-02
5.271666496992111206e-02,2.028654515743255615e-01,7.962856292724609375e-01,5.560255646705627441e-01,1.125902011990547180e-01,0.000000000000000000e+00,0.000000000000000000e+00,0.000000000000000000e+00,0.000000000000000000e+00,0.000000000000000000e+00,0.000000000000000000e+00,1.243994012475013733e-02
4.853991791605949402e-02,1.957874447107315063e-01,7.885153889656066895e-01,5.680189728736877441e-01,1.215768307447433472e-01,0.000000000000000000e+00,0.000000000000000000e+00,0.000000000000000000e+00,0.000000000000000000e+00,0.000000000000000000e+00,0.000000000000000000e+00,1.132073719054460526e-02
4.444360360503196716e-02,1.887242794036865234e-01,7.803620100021362305e-01,5.798639059066772461e-01,1.307524442672729492e-01,0.000000000000000000e+00,0.000000000000000000e+00,0.000000000000000000e+00,0.000000000000000000e+00,0.000000000000000000e+00,0.000000000000000000e+00,1.023150980472564697e-02
4.040490090847015381e-02,1.816329509019851685e-01,7.717639207839965820e-01,5.916277766227722168e-01,1.401783376932144165e-01,0.000000000000000000e+00,0.000000000000000000e+00,0.000000000000000000e+00,0.000000000000000000e+00,0.000000000000000000e+00,0.000000000000000000e+00,9.166436269879341125e-03
3.640452027320861816e-02,1.744722276926040649e-01,7.626481056213378906e-01,6.033732891082763672e-01,1.499225646257400513e-01,0.000000000000000000e+00,0.000000000000000000e+00,0.000000000000000000e+00,0.000000000000000000e+00,0.000000000000000000e+00,0.000000000000000000e+00,8.120951242744922638e-03
3.242718800902366638e-02,1.672029942274093628e-01,7.529292702674865723e-01,6.151580214500427246e-01,1.600607186555862427e-01,0.000000000000000000e+00,0.000000000000000000e+00,0.000000000000000000e+00,0.000000000000000000e+00,0.000000000000000000e+00,0.000000000000000000e+00,7.091914769262075424e-03
2.846270054578781128e-02,1.597892940044403076e-01,7.425088882446289062e-01,6.270328760147094727e-01,1.706769913434982300e-01,0.000000000000000000e+00,0.000000000000000000e+00,0.000000000000000000e+00,0.000000000000000000e+00,0.000000000000000000e+00,0.000000000000000000e+00,6.077961530536413193e-03
2.450783737003803253e-02,1.522003263235092163e-01,7.312738895416259766e-01,6.390401124954223633e-01,1.818650513887405396e-01,0.000000000000000000e+00,0.000000000000000000e+00,0.000000000000000000e+00,0.000000000000000000e+00,0.000000000000000000e+00,0.000000000000000000e+00,5.080107133835554123e-03
2.056951075792312622e-02,1.444144248962402344e-01,7.190973758697509766e-01,6.512086987495422363e-01,1.937284618616104126e-01,0.000000000000000000e+00,0.000000000000000000e+00,0.000000000000000000e+00,0.000000000000000000e+00,0.000000000000000000e+00,0.000000000000000000e+00,4.102725069969892502e-03

Feature: melspectrogram
9.999343007802963257e-02,1.065474897623062134e-01,1.184407994151115417e-01,6.789575517177581787e-02,9.714379161596298218e-02,9.396651387214660645e-02,1.081264019012451172e-01,1.313605159521102905e-01,1.270985752344131470e-01,9.281550347805023193e-02,2.376369386911392212e-01,2.167907059192657471e-01,2.991716265678405762e-01,2.332102060317993164e-01,3.393168449401855469e-01,4.455575346946716309e-01,8.671590685844421387e-01,1.877177596092224121e+00,4.824534893035888672e+00,2.507463836669921875e+01,9.028939819335937500e+01,2.399214019775390625e+02,1.174371490478515625e+02,1.624369239807128906e+01,5.008115172386169434e-01,9.857073426246643066e-02,2.064785920083522797e-02,3.505875170230865479e-02,9.144558012485504150e-02,3.051376044750213623e-01,1.671954154968261719e+00,1.060894250869750977e+00,2.802794873714447021e-01,2.032044529914855957e-01,1.376608312129974365e-01,9.275257587432861328e-02,5.447302758693695068e-02,3.257561847567558289e-02,1.423567831516265869e-01,1.297595500946044922e-01,2.354531437158584595e-01,1.315555930137634277e+00,3.160008430480957031e+00,3.445227622985839844e+00,2.066720962524414062e+00,4.285143017768859863e-01,2.649254500865936279e-01,5.355733633041381836e-01,7.698386311531066895e-01,1.991878896951675415e-01,4.277207255363464355e-01,1.692479997873306274e-01,6.717653572559356689e-02,6.226301565766334534e-02,3.097363561391830444e-02,1.936203390359878540e-01,1.631536185741424561e-01,1.191631983965635300e-02,6.322358548641204834e-02,3.635985553264617920e-01,3.789020776748657227e-01,3.369597792625427246e-01,1.547341644763946533e-01,3.043859899044036865e-01,3.841450810432434082e-01,3.915922343730926514e-01,5.224249362945556641e-01,3.797021880745887756e-02,1.491523440927267075e-02,1.226248964667320251e-02,5.801466293632984161e-03,1.268714200705289841e-02,1.071111671626567841e-02,1.905281282961368561e-02,2.082230150699615479e-02,9.120582602918148041e-03,9.238710626959800720e-04,9.792238473892211914e-03,1.496157236397266388e-02,1.223773043602705002e-02,5.424915812909603119e-03,9.390236809849739075e-03,2.035868912935256958e-02,4.382040817290544510e-03,1.776506379246711731e-02,7.407923787832260132e-02,2.383114211261272430e-02,2.402172796428203583e-02,2.999964356422424316e-02,6.476436275988817215e-03,5.961541086435317993e-03,2.622626023367047310e-03,3.095084801316261292e-03,1.901059062220156193e-03,2.762816147878766060e-03,1.268352754414081573e-02,2.202382776886224747e-03,9.235875913873314857e-04,8.488385356031358242e-04,6.041203159838914871e-04,6.180032622069120407e-03,5.586226005107164383e-03,3.394773462787270546e-03,7.749025709927082062e-03,9.863806888461112976e-03,1.099865045398473740e-02,4.357010498642921448e-02,2.172763831913471222e-02,6.652750074863433838e-03,6.847752956673502922e-04,5.872884066775441170e-04,5.047318991273641586e-04,7.728026248514652252e-04,5.458128289319574833e-04,7.548908470198512077e-04,1.559858210384845734e-03,8.362366352230310440e-04,3.901903692167252302e-04,4.770293307956308126e-04,5.136908730491995811e-04,4.974406911060214043e-04,2.134933136403560638e-03,2.093002200126647949e-03,1.027465681545436382e-03,3.227487206459045410e-03,2.851044293493032455e-03,7.421366171911358833e-04,5.477040031109936535e-05
2.283467352390289307e-02,2.744594402611255646e-02,5.341685935854911804e-02,7.338299602270126343e-02,5.697253346443176270e-02,3.200231119990348816e-02,3.576644882559776306e-02,4.957675933837890625e-02,6.032326072454452515e-02,3.733675926923751831e-02,1.143427714705467224e-01,5.468217656016349792e-02,1.132079288363456726e-01,5.798022449016571045e-02,9.537140280008316040e-02,1.189325004816055298e-01,2.509820759296417236e-01,5.313975214958190918e-01,1.432726979255676270e+00,1.742021560668945312e+01,6.793360900878906250e+01,6.816794433593750000e+02,9.886032714843750000e+02,6.338565826416015625e+01,9.593229293823242188e-01,8.267692476511001587e-02,3.813960403203964233e-02,1.944203488528728485e-02,7.811569422483444214e-02,1.277182579040527344e+00,1.999673366546630859e+00,8.869473934173583984e-01,7.610306888818740845e-02,7.498700916767120361e-02,4.065127670764923096e-02,2.674161829054355621e-02,2.788965217769145966e-02,1.675447262823581696e-02,1.182311326265335083e-01,1.145217344164848328e-01,1.914332211017608643e-01,1.416072010993957520e+00,4.043891906738281250e+00,6.905450820922851562e+00,1.729949951171875000e+01,2.057149410247802734e+00,5.648826956748962402e-01,6.167584657669067383e-01,7.042340636253356934e-01,3.153949677944183350e-01,3.830355405807495117e-01,1.682973504066467285e-01,7.149300724267959595e-02,4.623140022158622742e-02,4.810554161667823792e-02,1.698610484600067139e-01,1.816113740205764771e-01,3.832637891173362732e-02,1.436561197042465210e-01,1.329095005989074707e+00,1.075252175331115723e+00,5.318493843078613281e-01,1.829533278942108154e-01,2.792419195175170898e-01,4.869235157966613770e-01,6.803448796272277832e-01,5.483316779136657715e-01,4.865264520049095154e-02,1.689070835709571838e-02,1.771674118936061859e-02,1.243726257234811783e-02,1.361349318176507950e-02,1.303438376635313034e-02,2.887973561882972717e-02,3.883349522948265076e-02,2.075634151697158813e-02,1.777073834091424942e-03,1.220872998237609863e-02,6.165863201022148132e-02,3.396670520305633545e-02,7.854202762246131897e-03,1.230411790311336517e-02,2.285857312381267548e-02,4.691787529736757278e-03,3.183124959468841553e-02,3.025788366794586182e-01,5.608355998992919922e-02,1.715821027755737305e-02,2.593161910772323608e-02,7.907330989837646484e-03,6.515452638268470764e-03,3.902594791725277901e-03,3.345214761793613434e-03,4.888770170509815216e-03,6.130035035312175751e-03,1.159548386931419373e-02,3.717953572049736977e-03,8.268840028904378414e-04,7.480886415578424931e-04,7.274037343449890614e-04,4.759625717997550964e-02,3.804653510451316833e-02,3.606208832934498787e-03,6.875863764435052872e-03,8.779753930866718292e-03,9.625453501939773560e-03,3.567005693912506104e-02,1.731844246387481689e-02,8.227522484958171844e-03,1.059412956237792969e-03,1.024539349600672722e-03,5.360684590414166451e-04,1.321473391726613045e-03,8.673422271385788918e-04,8.781238575465977192e-04,1.432483782991766930e-03,1.292451517656445503e-03,2.332507632672786713e-03,8.050111355260014534e-04,8.049234165810048580e-04,1.099677756428718567e-03,2.496941247954964638e-03,2.773306332528591156e-03,2.334866905584931374e-03,6.322741974145174026e-03,5.252994596958160400e-03,1.643599709495902061e-03,1.167457230621948838e-04
1.899362076073884964e-03,5.767111433669924736e-04,1.468969043344259262e-02,4.245468974113464355e-02,1.636816747486591339e-02,6.682064849883317947e-03,1.852106675505638123e-02,5.479833483695983887e-02,3.586057201027870178e-02,2.970983088016510010e-02,1.357553526759147644e-02,2.097025699913501740e-02,3.805253282189369202e-02,4.876917228102684021e-02,1.521086879074573517e-02,1.139065623283386230e-02,1.524507720023393631e-02,1.935635320842266083e-02,3.791454434394836426e-01,6.261972427368164062e+00,1.655799293518066406e+01,7.952695922851562500e+02,1.588463256835937500e+03,1.800537109375000000e+01,6.621792316436767578e-01,5.108527839183807373e-02,2.628641761839389801e-02,1.765773072838783264e-02,3.604559600353240967e-02,1.842910766601562500e+00,1.891479253768920898e+00,4.702469110488891602e-01,2.733451128005981445e-02,6.259563378989696503e-03,4.912342410534620285e-03,7.277455646544694901e-03,7.354604080319404602e-03,1.189448125660419464e-02,3.155985474586486816e-02,7.843375951051712036e-02,8.417981117963790894e-02,3.552789688110351562e-01,8.420406579971313477e-01,7.806467533111572266e+00,2.454180335998535156e+01,1.893543481826782227e+00,3.029224276542663574e-01,1.656005531549453735e-01,3.405317068099975586e-01,2.223308384418487549e-01,9.444845467805862427e-02,3.546752780675888062e-02,9.052197448909282684e-03,7.416161708533763885e-03,3.739682957530021667e-02,2.697494439780712128e-02,2.268287353217601776e-02,3.880356624722480774e-02,2.482872605323791504e-01,1.155061125755310059e+00,3.588532209396362305e-01,1.677871644496917725e-01,1.105306074023246765e-01,4.593595862388610840e-02,4.893629625439643860e-02,1.957837343215942383e-01,2.030089348554611206e-01,4.636772349476814270e-02,7.853872142732143402e-03,5.020698904991149902e-02,7.131133973598480225e-02,5.522844847291707993e-03,5.408103112131357193e-03,1.312366686761379242e-02,2.410218678414821625e-02,1.459704618901014328e-02,3.774177283048629761e-03,1.314705982804298401e-02,1.203575953841209412e-01,4.665015637874603271e-02,5.485604982823133469e-03,5.758067127317190170e-03,6.706722546368837357e-03,2.600212581455707550e-03,1.556503772735595703e-02,1.854435205459594727e-01,3.517213463783264160e-02,7.647668942809104919e-03,9.680277667939662933e-03,3.289095358923077583e-03,4.564283881336450577e-03,5.617784801870584488e-03,2.535219304263591766e-03,3.275255672633647919e-03,5.177000537514686584e-03,4.752336069941520691e-03,2.727298764511942863e-03,5.612641107290983200e-04,4.984884290024638176e-04,3.094211220741271973e-03,8.856927603483200073e-02,4.544370993971824646e-02,1.234529423527419567e-03,2.350094262510538101e-03,7.275846786797046661e-03,2.491171937435865402e-03,3.012488828971982002e-03,2.068910980597138405e-03,3.837275318801403046e-03,8.216538699343800545e-04,1.001420198008418083e-03,9.200621861964464188e-04,8.966599125415086746e-04,7.054560119286179543e-04,8.478141389787197113e-04,1.347520737908780575e-03,1.241890131495893002e-03,3.247562097385525703e-03,9.195015882141888142e-04,1.194513402879238129e-03,1.114879967644810677e-03,1.565407379530370235e-03,1.748880022205412388e-03,1.756178797222673893e-03,5.826146807521581650e-03,4.183141980320215225e-03,1.781225670129060745e-03,9.739174856804311275e-05
1.807524124160408974e-03,1.939787325682118535e-04,8.351466618478298187e-03,2.343878336250782013e-02,3.803416714072227478e-02,1.810264959931373596e-02,3.286979347467422485e-02,5.919465050101280212e-02,1.455934047698974609e-01,6.409444659948348999e-02,7.699348032474517822e-02,9.598401933908462524e-02,4.399473965167999268e-01,2.152981460094451904e-01,2.088649757206439972e-02,1.831151917576789856e-02,5.037731025367975235e-03,1.615893095731735229e-02,1.020596772432327271e-01,2.027907609939575195e+00,7.631959915161132812e+00,1.273234375000000000e+03,1.637827514648437500e+03,5.253547191619873047e+00,7.430133819580078125e-01,2.695568837225437164e-02,1.984408497810363770e-02,2.010993286967277527e-02,4.891049116849899292e-02,8.644909858703613281e-01,1.134720325469970703e+00,3.265601992607116699e-01,1.061235181987285614e-02,5.395192187279462814e-03,2.220628783106803894e-03,4.573247861117124557e-03,1.297888811677694321e-02,8.817286230623722076e-03,8.909636177122592926e-03,1.634416915476322174e-02,4.345075413584709167e-02,1.182323023676872253e-01,3.838377296924591064e-01,5.502327442169189453e+00,9.047534942626953125e+00,4.668526649475097656e-01,5.355298519134521484e-02,6.100339069962501526e-02,2.101273238658905029e-01,1.066846847534179688e-01,4.636166989803314209e-02,1.651871204376220703e-02,4.352907650172710419e-03,7.859108038246631622e-03,1.987409777939319611e-02,8.334609679877758026e-03,1.909570582211017609e-02,2.710733562707901001e-02,5.427435040473937988e-01,1.428868889808654785e+00,1.105392724275588989e-01,3.774403035640716553e-02,4.317051172256469727e-02,1.733724959194660187e-02,2.960970625281333923e-02,3.765627741813659668e-02,1.036487743258476257e-01,3.082989156246185303e-02,3.426513168960809708e-03,1.204148381948471069e-01,1.772166192531585693e-01,6.040206644684076309e-03,1.061413902789354324e-02,1.577324047684669495e-02,2.894635498523712158e-02,7.569196633994579315e-03,5.182174965739250183e-03,2.004081755876541138e-02,1.183561906218528748e-01,2.643390744924545288e-02,6.336288526654243469e-03,5.917116068303585052e-03,6.945697125047445297e-03,4.196011461317539215e-03,1.116098277270793915e-02,5.185750871896743774e-02,1.355032157152891159e-02,6.103135645389556885e-03,4.369903355836868286e-03,3.129855496808886528e-03,9.181095287203788757e-03,1.933898217976093292e-02,2.864988055080175400e-03,2.559331711381673813e-03,3.426592331379652023e-03,2.626729663461446762e-03,2.325722016394138336e-03,9.856545366346836090e-04,8.298433385789394379e-04,8.611102588474750519e-03,7.144977897405624390e-02,1.125223841518163681e-02,9.944649646058678627e-04,2.283873036503791809e-03,8.563564158976078033e-03,1.445787842385470867e-03,1.398929511196911335e-03,1.134626916609704494e-03,1.969681121408939362e-03,3.693132312037050724e-04,4.706800100393593311e-04,8.207253995351493359e-04,6.029697833582758904e-04,7.940260111354291439e-04,9.500061278231441975e-04,8.283859933726489544e-04,9.979197056964039803e-04,1.700253458693623543e-03,5.796570912934839725e-04,1.119879656471312046e-03,8.694494608789682388e-04,1.546108513139188290e-03,1.929544610902667046e-03,1.557443407364189625e-03,4.530552774667739868e-03,3.116080304607748985e-03,1.449951203539967537e-03,1.236096286447718740e-04
2.160691423341631889e-03,8.841542876325547695e-04,8.200118318200111389e-03,2.753718011081218719e-02,1.352122128009796143e-01,4.217896237969398499e-02,4.963708296418190002e-02,4.723367467522621155e-02,2.237550765275955200e-01,1.379036158323287964e-01,1.078131645917892456e-01,2.893005609512329102e-01,7.447065114974975586e-01,2.472000718116760254e-01,5.730656161904335022e-02,9.337575733661651611e-02,2.774021960794925690e-02,4.241115227341651917e-02,1.159976050257682800e-01,2.386487483978271484e+00,5.582603454589843750e+00,1.009619262695312500e+03,1.469297851562500000e+03,2.399394989013671875e+01,1.504775643348693848e+00,1.865627802908420563e-02,3.222483396530151367e-02,2.849121205508708954e-02,2.327381446957588196e-02,2.894112467765808105e-01,4.484140872955322266e-01,7.476233690977096558e-02,3.833454567939043045e-03,6.702527403831481934e-03,4.212143830955028534e-03,2.968583488836884499e-03,9.035499766469001770e-03,4.989420529454946518e-03,5.034996662288904190e-03,1.087537314742803574e-02,6.105137616395950317e-02,1.233265250921249390e-01,2.663513720035552979e-01,3.752269506454467773e+00,4.127080917358398438e+00,1.784763187170028687e-01,3.171411156654357910e-02,3.762337192893028259e-02,8.083146065473556519e-02,6.245689466595649719e-02,2.515399083495140076e-02,9.363504126667976379e-03,3.840048797428607941e-03,8.902593515813350677e-03,9.462317451834678650e-03,1.256533060222864151e-02,1.900648698210716248e-02,2.532893978059291840e-02,3.560015559196472168e-01,1.134938359260559082e+00,3.598249331116676331e-02,2.527769282460212708e-02,1.643276959657669067e-02,6.734672002494335175e-03,1.449196692556142807e-02,4.400528222322463989e-02,5.075005814433097839e-02,1.195399649441242218e-02,2.399013843387365341e-03,1.818317621946334839e-01,2.695315182209014893e-01,6.220375187695026398e-03,2.122127451002597809e-02,1.900936663150787354e-02,2.199706435203552246e-02,4.223298281431198120e-03,3.454651916399598122e-03,2.266624942421913147e-02,1.255463808774948120e-01,2.603518962860107422e-02,4.335172008723020554e-03,4.635000601410865784e-03,4.619899205863475800e-03,4.723821301013231277e-03,6.691634189337491989e-03,3.717025741934776306e-02,6.059186067432165146e-03,3.439884399995207787e-03,2.633849158883094788e-03,3.085929900407791138e-03,8.744086138904094696e-03,2.244572527706623077e-02,2.524932380765676498e-03,2.529050922021269798e-03,3.067120676860213280e-03,1.514952979050576687e-03,1.230618101544678211e-03,9.225474204868078232e-04,1.863088808022439480e-03,9.197826497256755829e-03,7.007057964801788330e-02,1.584088802337646484e-02,1.635320251807570457e-03,1.906401594169437885e-03,5.457790568470954895e-03,1.792925992049276829e-03,1.228581881150603294e-03,1.093369326554238796e-03,1.317650778219103813e-03,3.879728028550744057e-04,3.048299695365130901e-04,6.249881698749959469e-04,4.023785877507179976e-04,7.170801400206983089e-04,8.497363305650651455e-04,5.503682186827063560e-04,1.601619180291891098e-03,1.992570236325263977e-03,1.200544065795838833e-03,1.129539101384580135e-03,8.012474281713366508e-04,1.366930431686341763e-03,2.472983906045556068e-03,1.907582161948084831e-03,4.654302261769771576e-03,3.476998768746852875e-03,1.758859027177095413e-03,2.238778979517519474e-04
2.079399768263101578e-03,2.564675407484173775e-03,1.143516600131988525e-02,3.034354373812675476e-02,1.231267899274826050e-01,8.253037929534912109e-02,5.955386534333229065e-02,2.933886833488941193e-02,8.185194432735443115e-02,9.382473677396774292e-02,8.987203985452651978e-02,1.115675196051597595e-01,1.465467512607574463e-01,3.788713738322257996e-02,4.271272942423820496e-02,8.399094641208648682e-02,2.178173884749412537e-02,4.543029144406318665e-02,4.923963919281959534e-02,9.894823431968688965e-01,1.129134559631347656e+01,6.072445678710937500e+02,1.564204956054687500e+03,9.850964355468750000e+01,2.091419458389282227e+00,2.070036903023719788e-02,4.646039009094238281e-02,4.952961951494216919e-02,2.426159009337425232e-02,4.741212427616119385e-01,8.463618755340576172e-01,9.980750828981399536e-02,5.629984661936759949e-03,6.889578420668840408e-03,8.282475173473358154e-03,4.692377522587776184e-03,1.031108852475881577e-02,6.461645476520061493e-03,7.078418973833322525e-03,9.649544022977352142e-03,2.653757482767105103e-02,8.983840048313140869e-02,7.191204279661178589e-02,2.856815814971923828e+00,1.023455810546875000e+01,1.462011098861694336e+00,3.097673133015632629e-02,9.645830839872360229e-03,4.238217696547508240e-02,6.107576563954353333e-02,2.560282312333583832e-02,1.166042499244213104e-02,4.512443672865629196e-03,6.894866470247507095e-03,7.395216263830661774e-03,8.282158523797988892e-03,1.277539692819118500e-02,2.007773891091346741e-02,1.142187863588333130e-01,6.548988223075866699e-01,1.028842777013778687e-01,3.352673351764678955e-02,2.208556979894638062e-02,1.976589486002922058e-02,1.849148981273174286e-02,7.848214358091354370e-02,3.779117017984390259e-02,9.448845870792865753e-03,1.040515489876270294e-02,1.885245889425277710e-01,2.870344221591949463e-01,1.423319336026906967e-02,1.493857707828283310e-02,1.358577422797679901e-02,5.575796589255332947e-03,3.723794361576437950e-03,3.104589879512786865e-03,2.442549541592597961e-02,1.106739193201065063e-01,4.364015534520149231e-02,4.278090782463550568e-03,5.937942769378423691e-03,8.392836898565292358e-03,5.203045904636383057e-03,5.651121027767658234e-03,1.645601168274879456e-02,3.213380463421344757e-03,5.821336526423692703e-03,4.203838761895895004e-03,3.977158572524785995e-03,5.103674717247486115e-03,1.114913262426853180e-02,3.479481209069490433e-03,1.365939388051629066e-03,1.930605620145797729e-03,1.293153734877705574e-03,1.566468621604144573e-03,1.510430476628243923e-03,3.483992302790284157e-03,1.095755584537982941e-02,7.553569227457046509e-02,5.569098517298698425e-02,3.851050278171896935e-03,2.227412536740303040e-03,5.202853120863437653e-03,5.186396650969982147e-03,2.768557518720626831e-03,1.323151751421391964e-03,1.042641000822186470e-03,5.367763806134462357e-04,4.931155126541852951e-04,6.374149234034121037e-04,7.525992696173489094e-04,7.071005529724061489e-04,4.963660612702369690e-04,8.993155788630247116e-04,2.157039009034633636e-03,1.686842180788516998e-03,2.032113494351506233e-03,1.673579914495348930e-03,1.249170047231018543e-03,1.432119868695735931e-03,2.085402375087141991e-03,2.872355049476027489e-03,6.220645271241664886e-03,5.840503610670566559e-03,2.596450969576835632e-03,4.628935130313038826e-04
2.168703824281692505e-03,1.455367426387965679e-03,8.813169784843921661e-03,1.706122048199176788e-02,7.887455821037292480e-02,6.674157828092575073e-02,1.288825180381536484e-02,1.057755574584007263e-02,6.000893190503120422e-02,2.246450260281562805e-02,7.506965845823287964e-02,8.297900110483169556e-02,3.543040156364440918e-02,1.069074869155883789e-02,3.936288505792617798e-02,4.375866800546646118e-02,8.196230977773666382e-03,4.644673690199851990e-02,5.947905033826828003e-02,5.543013215065002441e-01,6.212749958038330078e+00,5.156094970703125000e+02,1.721983886718750000e+03,7.383032226562500000e+01,1.410861730575561523e+00,1.721270568668842316e-02,8.592784404754638672e-03,1.610020361840724945e-02,1.734128780663013458e-02,1.497951149940490723e-01,3.137654066085815430e-01,1.170403212308883667e-01,4.584077280014753342e-03,9.814386256039142609e-03,1.080397889018058777e-02,4.747116472572088242e-03,1.716068014502525330e-02,1.306298468261957169e-02,4.055871628224849701e-03,5.647432524710893631e-03,2.338720485568046570e-02,5.372482165694236755e-02,1.787365227937698364e-02,2.570831537246704102e+00,1.066809272766113281e+01,1.326658129692077637e+00,2.247740514576435089e-02,1.087111420929431915e-02,2.947185002267360687e-02,4.932236298918724060e-02,6.202790513634681702e-02,5.389394983649253845e-02,2.256116643548011780e-02,2.283090725541114807e-02,7.914088666439056396e-03,7.024831138551235199e-03,9.801465086638927460e-03,4.829142708331346512e-03,3.528793156147003174e-02,2.404846400022506714e-01,1.415804326534271240e-01,5.606028437614440918e-02,2.528765052556991577e-02,3.063276782631874084e-02,4.009807854890823364e-02,3.803116828203201294e-02,1.649351976811885834e-02,5.675823893398046494e-03,1.504202932119369507e-02,1.603261232376098633e-01,2.094904780387878418e-01,1.849062740802764893e-02,1.041448209434747696e-02,1.073418278247117996e-02,1.100670266896486282e-02,1.153058279305696487e-02,7.771512027829885483e-03,1.356933452188968658e-02,1.046920269727706909e-01,3.794963657855987549e-02,7.796315476298332214e-03,1.358949486166238785e-02,2.266394533216953278e-02,1.294964365661144257e-02,3.699503140524029732e-03,4.760450217872858047e-03,2.956638112664222717e-03,8.476198650896549225e-03,1.210096757858991623e-02,6.229383405297994614e-03,5.695546977221965790e-03,7.149833720177412033e-03,1.975079765543341637e-03,1.496449811384081841e-03,1.479401020333170891e-03,1.057742163538932800e-03,1.239163801074028015e-03,1.713803387247025967e-03,9.820829145610332489e-03,1.857563108205795288e-02,4.917727038264274597e-02,4.663827642798423767e-02,8.735332638025283813e-03,4.594806581735610962e-03,3.558754688128829002e-03,5.620612762868404388e-03,4.485772456973791122e-03,2.431704429909586906e-03,1.418840023688971996e-03,8.161405567079782486e-04,7.099248468875885010e-04,4.856654268223792315e-04,8.935334044508635998e-04,8.496942464262247086e-04,8.392594754695892334e-04,8.383572567254304886e-04,1.574535737745463848e-03,1.261433819308876991e-03,1.405806280672550201e-03,1.771805575117468834e-03,2.012136392295360565e-03,2.065686043351888657e-03,2.408609027042984962e-03,3.799318568781018257e-03,5.594790913164615631e-03,7.525540888309478760e-03,4.729624837636947632e-03,6.774590001441538334e-04
2.171680331230163574e-03,1.785384840331971645e-03,1.413519401103258133e-02,2.401579357683658600e-02,6.320720165967941284e-02,3.892592713236808777e-02,7.546448614448308945e-03,1.168202329427003860e-02,4.955237731337547302e-02,2.406507357954978943e-02,1.925497315824031830e-02,2.442912571132183075e-02,2.413078024983406067e-02,1.411736477166414261e-02,4.029214382171630859e-02,3.205353766679763794e-02,9.566922672092914581e-03,8.277405798435211182e-02,6.872091442346572876e-02,2.061118036508560181e-01,6.086679458618164062e+00,5.371865234375000000e+02,2.070633056640625000e+03,1.031291351318359375e+02,7.061538100242614746e-01,2.727590873837471008e-02,8.191653527319431305e-03,2.323136851191520691e-02,9.085929021239280701e-03,1.510756462812423706e-02,3.996676206588745117e-02,5.620221793651580811e-02,2.048407914116978645e-03,1.957641169428825378e-02,2.187267877161502838e-02,4.722988698631525040e-03,5.846644751727581024e-03,1.355522032827138901e-02,4.457091446965932846e-03,5.481577944010496140e-03,3.523977100849151611e-02,2.164473384618759155e-02,1.408919598907232285e-02,1.639032721519470215e+00,1.040638256072998047e+01,1.969618797302246094e+00,2.991075627505779266e-02,1.357716973870992661e-02,2.091365680098533630e-02,1.759302243590354919e-02,4.378482699394226074e-02,3.106551431119441986e-02,4.696023091673851013e-02,4.428483173251152039e-02,8.613337762653827667e-03,7.177068386226892471e-03,1.407760288566350937e-02,1.391163840889930725e-02,2.077751420438289642e-02,1.982997953891754150e-01,5.425451695919036865e-02,1.464241184294223785e-02,9.377531707286834717e-03,9.848518297076225281e-03,3.303341194987297058e-02,2.862350642681121826e-02,8.413453586399555206e-03,3.094888990744948387e-03,5.645337048918008804e-03,1.728449314832687378e-01,4.360300302505493164e-01,1.038868129253387451e-01,6.174999289214611053e-03,8.922410197556018829e-03,2.860544435679912567e-02,3.818427771329879761e-02,1.040568575263023376e-02,8.278228342533111572e-03,1.106189638376235962e-01,5.856105685234069824e-02,5.859408527612686157e-03,1.161128841340541840e-02,2.429743856191635132e-02,9.039259515702724457e-03,2.377246972173452377e-03,6.179505959153175354e-03,4.232839681208133698e-03,4.188016988337039948e-03,1.576428487896919250e-02,5.373773630708456039e-03,3.664165036752820015e-03,7.391530554741621017e-03,1.844079699367284775e-03,1.444668974727392197e-03,1.903206575661897659e-03,6.901302840560674667e-04,2.421040320768952370e-03,1.807486172765493393e-03,1.406074874103069305e-02,1.576754450798034668e-02,2.504365518689155579e-02,2.976753562688827515e-02,5.768681410700082779e-03,4.647318273782730103e-03,2.336719306185841560e-03,2.358920872211456299e-03,3.357203211635351181e-03,2.235949970781803131e-03,1.319367554970085621e-03,8.093996439129114151e-04,7.132348255254328251e-04,4.330513183958828449e-04,6.214479217305779457e-04,7.500814390368759632e-04,7.816238212399184704e-04,6.689314614050090313e-04,1.358915003947913647e-03,8.016896317712962627e-04,1.023075310513377190e-03,1.540540135465562344e-03,1.414284110069274902e-03,2.545773517340421677e-03,2.103532897308468819e-03,3.766403999179601669e-03,3.752899356186389923e-03,5.140184424817562103e-03,3.293801564723253250e-03,4.041657084599137306e-04
2.163364551961421967e-03,1.268980675376951694e-03,2.423584833741188049e-02,5.395315960049629211e-02,4.098229855298995972e-02,4.525351524353027344e-02,4.863779526203870773e-03,1.314881537109613419e-02,2.393227443099021912e-02,1.107636652886867523e-02,2.833737991750240326e-03,1.458657346665859222e-02,2.030316367745399475e-02,2.981276437640190125e-02,3.087037801742553711e-02,1.726569049060344696e-02,1.585352234542369843e-02,7.768069207668304443e-02,7.084239274263381958e-02,2.549359798431396484e-01,5.125902175903320312e+00,5.355170898437500000e+02,2.433734619140625000e+03,1.218653869628906250e+02,3.174234867095947266e+00,5.302602797746658325e-02,2.528019063174724579e-02,4.146733507513999939e-02,3.212942928075790405e-02,8.060986176133155823e-03,3.179896622896194458e-02,4.670818895101547241e-02,1.398188434541225433e-02,4.621036350727081299e-02,3.311331942677497864e-02,9.527918882668018341e-03,2.426939643919467926e-02,1.463678944855928421e-02,9.727724827826023102e-03,3.705678135156631470e-02,4.293765872716903687e-02,7.491234689950942993e-03,3.205480799078941345e-02,8.698647618293762207e-01,9.346369743347167969e+00,1.935084342956542969e+00,6.096614897251129150e-02,7.445450406521558762e-03,2.772367186844348907e-02,3.143577277660369873e-02,3.380839526653289795e-02,5.338646098971366882e-02,1.497058421373367310e-01,6.987120211124420166e-02,1.145442482084035873e-02,2.036087214946746826e-02,9.622702747583389282e-02,5.206134915351867676e-02,3.591407090425491333e-02,1.904626041650772095e-01,8.105823397636413574e-02,5.187792703509330750e-02,2.226207032799720764e-02,1.972305774688720703e-02,2.189208939671516418e-02,7.364380359649658203e-02,2.197159826755523682e-02,1.530414372682571411e-01,1.503608971834182739e-01,8.161609619855880737e-02,4.425943195819854736e-01,2.386210411787033081e-01,5.859719123691320419e-03,7.060423493385314941e-03,4.605909436941146851e-02,4.749919846653938293e-02,7.288563996553421021e-03,5.508439149707555771e-03,5.906066298484802246e-02,5.209648609161376953e-02,5.440378561615943909e-03,1.002666167914867401e-02,2.687345817685127258e-02,5.130946170538663864e-03,4.282241687178611755e-03,1.138703804463148117e-02,9.756722487509250641e-03,2.800829242914915085e-03,8.820875547826290131e-03,3.592906054109334946e-03,2.039272338151931763e-03,4.044777248054742813e-03,1.850289059802889824e-03,1.196898054331541061e-03,1.412343699485063553e-03,5.120873101986944675e-04,2.549847122281789780e-03,1.396444975398480892e-03,1.180610805749893188e-02,8.961125276982784271e-03,1.069856807589530945e-02,1.728650741279125214e-02,6.414777133613824844e-03,6.221326533704996109e-03,1.510374364443123341e-03,8.172028465196490288e-04,1.825992134399712086e-03,1.938694040291011333e-03,1.426824019290506840e-03,1.132031669840216637e-03,8.178468560799956322e-04,6.432404043152928352e-04,7.342800381593406200e-04,7.472362485714256763e-04,7.661873823963105679e-04,8.514978107996284962e-04,1.511184498667716980e-03,1.299287192523479462e-03,1.049359911121428013e-03,9.820349514484405518e-04,1.873202621936798096e-03,2.767639467492699623e-03,1.521955244243144989e-03,3.204135922715067863e-03,3.353232983499765396e-03,5.812079645693302155e-03,3.130045952275395393e-03,4.280909488443285227e-04
2.264920622110366821e-03,3.691192541737109423e-04,2.698357403278350830e-02,7.563345879316329956e-02,4.269571229815483093e-02,3.181724995374679565e-02,8.225386030972003937e-03,1.370477117598056793e-02,2.040266059339046478e-02,5.541226360946893692e-03,1.509730354882776737e-03,1.333635952323675156e-02,5.891283228993415833e-02,1.254541426897048950e-01,1.696971803903579712e-02,1.949837990105152130e-02,3.143440559506416321e-02,3.866571187973022461e-02,3.172250464558601379e-02,1.650444418191909790e-01,3.009413957595825195e+00,3.979109497070312500e+02,2.044975830078125000e+03,4.565848999023437500e+02,6.378050327301025391e+00,5.079875886440277100e-02,3.364282846450805664e-02,1.266299635171890259e-01,7.400625944137573242e-02,8.981712162494659424e-03,3.889114782214164734e-02,4.561366140842437744e-02,1.848651655018329620e-02,2.246418595314025879e-02,1.240141037851572037e-02,2.400747127830982208e-02,6.763571500778198242e-02,3.063022345304489136e-02,2.085358463227748871e-02,5.682403594255447388e-02,9.388529509305953979e-02,6.102988123893737793e-02,9.777373075485229492e-02,7.460284829139709473e-01,5.927680015563964844e+00,3.947624206542968750e+00,3.348150551319122314e-01,3.077543526887893677e-02,6.833203136920928955e-02,1.009022668004035950e-01,4.375571012496948242e-02,1.119810268282890320e-01,1.487926542758941650e-01,6.345817446708679199e-02,3.201079741120338440e-02,1.799188405275344849e-01,3.915390670299530029e-01,1.303166449069976807e-01,1.080747246742248535e-01,1.692988574504852295e-01,1.069297790527343750e-01,1.623806655406951904e-01,7.580853253602981567e-02,5.905659496784210205e-02,7.222933322191238403e-02,1.583718806505203247e-01,1.007553711533546448e-01,8.281443119049072266e-01,6.665166020393371582e-01,5.574074015021324158e-02,2.520219087600708008e-01,7.231918573379516602e-01,2.963697537779808044e-02,7.438813336193561554e-03,4.645566269755363464e-02,1.952611654996871948e-02,8.186179213225841522e-03,4.727126564830541611e-03,4.976412281394004822e-02,7.556501775979995728e-02,1.331735588610172272e-02,4.691633861511945724e-03,1.560338679701089859e-02,4.638116806745529175e-03,5.922148469835519791e-03,1.219850126653909683e-02,2.626976184546947479e-02,6.186650134623050690e-03,4.842247813940048218e-03,2.234364394098520279e-03,2.089001704007387161e-03,4.096988122910261154e-03,9.090669453144073486e-03,1.373668317683041096e-03,1.076224260032176971e-03,7.556039490737020969e-04,1.909485901705920696e-03,2.560422755777835846e-03,4.961404483765363693e-03,3.332078922539949417e-03,5.630376748740673065e-03,1.642842963337898254e-02,1.173289585858583450e-02,5.236244294792413712e-03,3.258158219978213310e-03,1.506980042904615402e-03,2.084682928398251534e-03,1.922962139360606670e-03,2.285754540935158730e-03,3.441222012042999268e-03,1.637402689084410667e-03,1.540923956781625748e-03,1.236040377989411354e-03,9.320907411165535450e-04,1.111149904318153858e-03,2.373451832681894302e-03,2.063824096694588661e-03,2.777269575744867325e-03,2.503313822671771049e-03,2.154557267203927040e-03,3.967139869928359985e-03,3.520637983456254005e-03,3.319365670904517174e-03,6.406427361071109772e-03,8.099380880594253540e-03,1.251546107232570648e-02,4.744907841086387634e-03,3.496203280519694090e-04
2.094826428219676018e-03,2.857796789612621069e-04,2.260597981512546539e-02,6.796767562627792358e-02,4.548073559999465942e-02,4.152937978506088257e-02,7.262270897626876831e-03,6.187076214700937271e-03,1.148644462227821350e-02,9.003528393805027008e-03,8.903937414288520813e-03,2.404684945940971375e-02,7.845224440097808838e-02,1.811389923095703125e-01,6.341861188411712646e-02,1.020463109016418457e-01,9.914425015449523926e-02,5.404431000351905823e-02,5.532464757561683655e-02,1.404329985380172729e-01,8.470007181167602539e-01,7.546332550048828125e+01,1.006062011718750000e+03,7.836873779296875000e+02,3.205034494400024414e+00,6.064282357692718506e-02,5.001346021890640259e-02,8.273000270128250122e-02,5.684645101428031921e-02,2.195418626070022583e-02,1.702493242919445038e-02,2.158541604876518250e-02,3.186456859111785889e-02,6.471682339906692505e-02,2.162371948361396790e-02,1.098430827260017395e-01,1.391363292932510376e-01,4.478137940168380737e-02,3.824819996953010559e-02,6.407308578491210938e-02,1.571842432022094727e-01,9.309188276529312134e-02,2.641053795814514160e-01,2.022568881511688232e-01,2.514922618865966797e+00,6.331677436828613281e+00,6.708598136901855469e-01,1.368665397167205811e-01,1.246498450636863708e-01,7.109680026769638062e-02,3.943948447704315186e-02,6.726647913455963135e-02,4.070502519607543945e-02,1.317842304706573486e-01,1.395411044359207153e-01,3.822017610073089600e-01,4.755984544754028320e-01,1.072496697306632996e-01,1.472421884536743164e-01,1.579343676567077637e-01,1.209719330072402954e-01,1.386926025152206421e-01,5.494283139705657959e-02,1.451510488986968994e-01,8.540517091751098633e-02,3.695781528949737549e-01,2.460878640413284302e-01,5.907937288284301758e-01,4.563463032245635986e-01,7.177193462848663330e-02,2.325580865144729614e-01,1.389865517616271973e+00,4.467368125915527344e-02,1.392835751175880432e-02,4.216202348470687866e-02,9.408647194504737854e-03,1.242638565599918365e-02,5.470383912324905396e-03,2.261849492788314819e-02,6.598664820194244385e-02,1.282955519855022430e-02,2.615020377561450005e-03,5.691716913133859634e-03,4.570677410811185837e-03,3.945275209844112396e-03,6.834909785538911819e-03,4.805017635226249695e-02,7.773207500576972961e-03,3.383308881893754005e-03,2.848130883648991585e-03,2.653703559190034866e-03,7.801913656294345856e-03,1.487857196480035782e-02,1.121037174016237259e-03,1.405067625455558300e-03,1.145478105172514915e-03,2.143257297575473785e-03,8.052789606153964996e-03,4.048100207000970840e-03,5.068399477750062943e-03,3.012508852407336235e-03,4.232671484351158142e-02,1.972598209977149963e-02,4.243317525833845139e-03,4.425417166203260422e-03,3.697932930663228035e-03,2.970092929899692535e-03,3.106961492449045181e-03,2.563418820500373840e-03,4.622805863618850708e-03,2.032250631600618362e-03,1.787780667655169964e-03,1.129559008404612541e-03,1.026510144583880901e-03,1.544845174066722393e-03,3.637679154053330421e-03,2.398428274318575859e-03,3.706165356561541557e-03,5.152381025254726410e-03,2.926494460552930832e-03,5.034319125115871429e-03,5.252044647932052612e-03,6.305449176579713821e-03,8.092725649476051331e-03,9.859757497906684875e-03,1.412635482847690582e-02,7.825769484043121338e-03,2.829666773322969675e-04
2.091390546411275864e-03,4.507813428062945604e-04,2.287465892732143402e-02,6.690759211778640747e-02,2.758617140352725983e-02,2.816223725676536560e-02,2.226211875677108765e-02,4.830433800816535950e-02,2.975458838045597076e-02,1.042539905756711960e-02,2.476341649889945984e-02,4.350290820002555847e-02,2.010191418230533600e-02,4.809357970952987671e-02,5.925677344202995300e-02,1.166499704122543335e-01,1.095586940646171570e-01,7.207994908094406128e-02,6.125955656170845032e-02,2.330354005098342896e-01,2.394411563873291016e-01,5.135044479370117188e+01,9.629463500976562500e+02,7.294793701171875000e+02,1.322275447845458984e+01,1.598093807697296143e-01,2.139077894389629364e-02,4.161003977060317993e-02,4.100531712174415588e-02,2.736910805106163025e-02,5.647496879100799561e-02,5.885238200426101685e-02,1.587567850947380066e-02,1.082705035805702209e-01,6.622482836246490479e-02,8.766620606184005737e-02,2.674114406108856201e-01,1.354255080223083496e-01,1.899326145648956299e-01,1.631632447242736816e-01,1.569098681211471558e-01,1.311366707086563110e-01,2.640384435653686523e-01,1.231464222073554993e-01,2.931570053100585938e+00,5.369282722473144531e+00,8.177415132522583008e-01,1.902476251125335693e-01,1.711538732051849365e-01,5.740465223789215088e-02,2.939921803772449493e-02,4.067236185073852539e-02,1.977057754993438721e-02,8.048699051141738892e-02,1.543217152357101440e-01,3.382059335708618164e-01,2.798149883747100830e-01,1.217701882123947144e-01,1.354229152202606201e-01,3.001123368740081787e-01,2.841180562973022461e-01,1.306431889533996582e-01,6.163966655731201172e-02,2.266331911087036133e-01,1.151878759264945984e-01,2.460348159074783325e-01,1.715301573276519775e-01,3.186615109443664551e-01,3.673395812511444092e-01,1.165153607726097107e-01,2.490380853414535522e-01,1.376868247985839844e+00,1.311101764440536499e-01,1.791067235171794891e-02,2.910565026104450226e-02,6.853622384369373322e-03,1.577484607696533203e-02,1.354498043656349182e-02,1.878290623426437378e-02,9.558039903640747070e-02,5.069266632199287415e-02,3.434594720602035522e-03,5.827437620609998703e-03,5.742901470512151718e-03,4.272100050002336502e-03,4.082112573087215424e-03,5.051188915967941284e-02,1.383233163505792618e-02,3.987567964941263199e-03,2.543596550822257996e-03,2.203631913289427757e-03,5.899057257920503616e-03,1.056512817740440369e-02,2.571576740592718124e-03,1.611539861187338829e-03,1.805017702281475067e-03,2.225514035671949387e-03,9.279671125113964081e-03,5.929390899837017059e-03,6.432145368307828903e-03,6.961329374462366104e-03,5.526648834347724915e-02,3.950758278369903564e-02,1.291436143219470978e-02,4.598463885486125946e-03,5.929518956691026688e-03,3.107858123257756233e-03,2.052563941106200218e-03,2.094553317874670029e-03,3.693616017699241638e-03,2.849683398380875587e-03,1.879911171272397041e-03,1.171823707409203053e-03,1.333476742729544640e-03,1.549630658701062202e-03,2.223962452262639999e-03,2.743512392044067383e-03,4.013100638985633850e-03,3.448686795309185982e-03,2.651008311659097672e-03,4.302667453885078430e-03,4.656470380723476410e-03,6.113528273999691010e-03,7.545141503214836121e-03,1.582305505871772766e-02,1.417058147490024567e-02,7.860371842980384827e-03,4.006548551842570305e-04
2.110240748152136803e-03,9.430602658540010452e-04,1.871932111680507660e-02,3.406963497400283813e-02,2.335922047495841980e-02,2.445921301841735840e-02,3.720399737358093262e-02,8.926790207624435425e-02,2.826702222228050232e-02,1.847473904490470886e-02,4.632768407464027405e-02,4.473663866519927979e-02,3.568884730339050293e-02,4.667259007692337036e-02,5.137265101075172424e-02,8.277530968189239502e-02,1.678189337253570557e-01,7.989577203989028931e-02,4.980608075857162476e-02,3.204143047332763672e-01,3.993135392665863037e-01,3.927241134643554688e+01,4.891954345703125000e+02,1.089820068359375000e+03,1.493319244384765625e+02,8.284388184547424316e-01,3.065539710223674774e-02,3.086681477725505829e-02,4.755267128348350525e-02,1.191022526472806931e-02,6.175238639116287231e-02,6.842131912708282471e-02,4.987863358110189438e-03,5.228720232844352722e-02,8.029274642467498779e-02,2.764291875064373016e-02,9.080945700407028198e-02,9.290511906147003174e-02,1.588816791772842407e-01,2.307249009609222412e-01,8.536467701196670532e-02,3.944063186645507812e-02,9.165060520172119141e-02,2.427331209182739258e-01,9.988492727279663086e-01,1.838120698928833008e+00,2.003986358642578125e+00,5.498797893524169922e-01,1.155186817049980164e-01,8.758009970188140869e-02,2.450850605964660645e-02,2.867455221712589264e-02,5.191818997263908386e-02,9.945583343505859375e-02,1.021281778812408447e-01,2.107565850019454956e-01,2.666083276271820068e-01,2.451251447200775146e-01,2.220006734132766724e-01,2.030902355909347534e-01,4.094712436199188232e-01,1.972573399543762207e-01,1.281798183917999268e-01,1.275000572204589844e-01,6.741534918546676636e-02,2.297200262546539307e-01,2.715580165386199951e-01,2.144733369350433350e-01,2.538928091526031494e-01,6.527978926897048950e-02,7.805524021387100220e-02,1.083971977233886719e+00,3.966155052185058594e-01,5.803655087947845459e-02,2.436549402773380280e-02,1.153401471674442291e-02,1.048680208623409271e-02,1.493371184915304184e-02,1.382204703986644745e-02,7.178508490324020386e-02,8.690616488456726074e-02,1.186653226613998413e-02,3.698428161442279816e-03,5.589824635535478592e-03,3.065358847379684448e-03,2.363502979278564453e-03,1.428458560258150101e-02,2.675439231097698212e-02,1.364087313413619995e-02,2.072640461847186089e-03,1.819508965127170086e-03,1.566624850966036320e-03,4.401692654937505722e-03,7.547400426119565964e-03,5.182250868529081345e-03,1.784077379852533340e-03,2.597410231828689575e-03,6.971752271056175232e-03,2.444871328771114349e-02,2.935505099594593048e-02,5.421496462076902390e-03,1.510549429804086685e-02,6.009005382657051086e-02,9.537677466869354248e-02,8.847114630043506622e-03,3.398363711312413216e-03,3.196318401023745537e-03,3.835012903437018394e-03,1.453559962101280689e-03,3.526026150211691856e-03,1.803444931283593178e-03,1.777244033291935921e-03,2.333845710381865501e-03,1.868911320343613625e-03,1.463238033466041088e-03,1.809903536923229694e-03,2.598454011604189873e-03,2.890448318794369698e-03,2.691381843760609627e-03,2.850868506357073784e-03,4.686246626079082489e-03,3.477138234302401543e-03,5.090858321636915207e-03,8.827398531138896942e-03,1.717152446508407593e-02,1.913655363023281097e-02,4.983145743608474731e-03,3.297455550637096167e-04
2.070048823952674866e-03,1.148891868069767952e-03,1.768642663955688477e-02,6.887905299663543701e-02,3.095280192792415619e-02,3.346714377403259277e-02,1.482275594025850296e-02,2.816018648445606232e-02,1.457638386636972427e-02,7.787750102579593658e-03,1.166077796369791031e-02,5.431568250060081482e-03,3.569186478853225708e-02,3.283517807722091675e-02,7.319238036870956421e-02,1.576952338218688965e-01,1.987347751855850220e-01,8.714488893747329712e-02,6.727350503206253052e-02,1.673299968242645264e-01,5.058817863464355469e-01,1.364870452880859375e+01,2.579584960937500000e+02,5.545789794921875000e+02,2.974967956542968750e+02,1.690769910812377930e+00,3.373295441269874573e-02,3.020848147571086884e-02,2.903322689235210419e-02,1.129768695682287216e-02,3.089979290962219238e-02,8.415587991476058960e-02,1.063225604593753815e-02,8.171468041837215424e-03,4.175654053688049316e-02,5.704555287957191467e-02,5.870459973812103271e-02,1.326748281717300415e-01,7.766505330801010132e-02,9.871004521846771240e-02,4.543646052479743958e-02,8.969299495220184326e-02,1.091607958078384399e-01,7.018672674894332886e-02,3.324123024940490723e-01,8.194920420646667480e-01,1.655377864837646484e+00,1.177097558975219727e+00,8.100715279579162598e-02,9.852387756109237671e-02,4.825223609805107117e-02,3.979498520493507385e-02,5.296834558248519897e-02,9.781032800674438477e-02,1.132063567638397217e-01,1.411709785461425781e-01,1.613526195287704468e-01,1.365877091884613037e-01,1.258961111307144165e-01,1.069130823016166687e-01,3.141546249389648438e-01,1.432816982269287109e-01,2.374131828546524048e-01,9.541715681552886963e-02,1.712810993194580078e-01,1.740801483392715454e-01,2.384649217128753662e-01,1.899797022342681885e-01,6.843694299459457397e-02,2.902167849242687225e-02,3.343866020441055298e-02,3.417265415191650391e-01,2.745703756809234619e-01,1.117759793996810913e-01,7.475838065147399902e-03,1.241353340446949005e-02,5.460330285131931305e-03,7.177527062594890594e-03,7.891929708421230316e-03,2.338902838528156281e-02,2.410117909312248230e-02,1.355128735303878784e-02,3.059240290895104408e-03,6.337020546197891235e-03,2.494961721822619438e-03,3.447947092354297638e-03,7.191133219748735428e-03,1.103122532367706299e-02,3.039695881307125092e-02,2.166471444070339203e-03,1.297385781072080135e-03,1.872985041700303555e-03,1.078593893907964230e-03,7.492017000913619995e-03,1.277871243655681610e-02,1.789166941307485104e-03,2.361935097724199295e-03,2.266040071845054626e-03,3.933110088109970093e-02,7.499379664659500122e-02,1.364280586130917072e-03,5.695397034287452698e-03,2.216004021465778351e-02,1.080047786235809326e-01,1.557782106101512909e-02,1.899140304885804653e-03,2.256095875054597855e-03,4.338589962571859360e-03,1.375544816255569458e-03,2.118777716532349586e-03,1.922033494338393211e-03,1.361740170978009701e-03,4.008657298982143402e-03,3.231317503377795219e-03,2.065088367089629173e-03,2.144027035683393478e-03,1.795539981685578823e-03,1.459248363971710205e-03,3.266100073233246803e-03,4.362225998193025589e-03,6.886926479637622833e-03,2.852417528629302979e-03,7.598867174237966537e-03,1.699133217334747314e-02,2.333792299032211304e-02,3.035583347082138062e-02,5.857066251337528229e-03,3.966590156778693199e-04
4.578871186822652817e-03,2.238101558759808540e-03,5.357489734888076782e-02,1.240280121564865112e-01,4.489380866289138794e-02,3.986020758748054504e-02,1.259507331997156143e-02,3.639268502593040466e-02,2.838933654129505157e-02,1.461391616612672806e-02,1.102468930184841156e-02,1.350883673876523972e-02,4.497812315821647644e-02,1.652985438704490662e-02,5.636303499341011047e-02,1.381206214427947998e-01,1.094164773821830750e-01,5.554067343473434448e-02,5.746073275804519653e-02,4.647722840309143066e-02,2.681258320808410645e-01,9.877571105957031250e+00,6.285654830932617188e+01,2.407590332031250000e+02,2.446927642822265625e+02,2.086766719818115234e+00,1.408928781747817993e-01,5.605065822601318359e-02,2.047402411699295044e-02,1.866679266095161438e-02,4.111601412296295166e-02,9.781351685523986816e-02,1.873834244906902313e-02,9.056524373590946198e-03,2.669681608676910400e-02,7.933545112609863281e-02,1.258715093135833740e-01,8.872761577367782593e-02,4.866220802068710327e-02,1.894366368651390076e-02,3.171701356768608093e-02,1.871827989816665649e-01,8.172006160020828247e-02,4.415620863437652588e-02,1.012483760714530945e-01,2.685504257678985596e-01,8.908053636550903320e-01,8.922263383865356445e-01,5.003601312637329102e-02,1.019932925701141357e-01,4.003099352121353149e-02,3.068473748862743378e-02,2.700718678534030914e-02,6.629472970962524414e-02,7.297163456678390503e-02,6.466981768608093262e-02,7.919699698686599731e-02,5.334722250699996948e-02,5.358802527189254761e-02,9.592550247907638550e-02,1.012655496597290039e-01,6.613790988922119141e-02,1.702784597873687744e-01,2.081713378429412842e-01,2.384689897298812866e-01,1.225705444812774658e-01,1.063471436500549316e-01,2.846107482910156250e-01,6.230740621685981750e-02,2.307904511690139771e-02,3.388411179184913635e-02,7.946807891130447388e-02,1.721059978008270264e-01,1.727648675441741943e-01,5.151452030986547470e-03,8.043626323342323303e-03,1.033544447273015976e-02,4.317977000027894974e-03,4.889510571956634521e-03,8.553130552172660828e-03,1.087492890655994415e-02,2.152698114514350891e-02,4.714746959507465363e-03,4.078285302966833115e-03,2.757899928838014603e-03,3.881103824824094772e-03,7.776795420795679092e-03,1.034581661224365234e-02,2.194440923631191254e-02,1.301646349020302296e-03,2.259301021695137024e-03,3.594548441469669342e-03,1.544214319437742233e-03,6.249581463634967804e-03,1.075251027941703796e-02,1.879445859231054783e-03,2.472654683515429497e-03,1.569988206028938293e-03,4.055565595626831055e-02,7.924825698137283325e-02,2.060499507933855057e-03,4.787550773471593857e-03,5.753918085247278214e-03,3.699075803160667419e-02,7.851448841392993927e-03,2.838637214154005051e-03,1.939327456057071686e-03,2.786064287647604942e-03,3.431991208344697952e-03,3.078697482123970985e-03,2.989953849464654922e-03,2.094119787216186523e-03,4.987933672964572906e-03,4.159846808761358261e-03,1.922756666317582130e-03,4.347624257206916809e-03,3.342059673741459846e-03,2.825833624228835106e-03,5.443464033305644989e-03,4.455367103219032288e-03,1.034489739686250687e-02,5.771089810878038406e-03,9.410005994141101837e-03,1.806124299764633179e-02,2.232503890991210938e-02,2.348412573337554932e-02,1.448632404208183289e-02,5.806342232972383499e-04
3.095767460763454437e-02,2.042058669030666351e-02,9.481455385684967041e-02,2.343266308307647705e-01,1.062629595398902893e-01,6.655233353376388550e-02,2.754455059766769409e-02,5.421293154358863831e-02,9.494008868932723999e-02,9.110449999570846558e-02,7.341760396957397461e-02,8.943925797939300537e-02,1.376294046640396118e-01,6.845758855342864990e-02,4.527468234300613403e-02,9.368052333593368530e-02,1.455853432416915894e-01,2.249049842357635498e-01,2.006653994321823120e-01,1.481388360261917114e-01,5.621235966682434082e-01,2.444819688796997070e+00,2.503990554809570312e+01,1.260656509399414062e+02,1.010490493774414062e+02,3.127946853637695312e+00,6.973257064819335938e-01,2.535426616668701172e-01,1.212884336709976196e-01,1.040984019637107849e-01,8.149987459182739258e-02,7.793613523244857788e-02,4.456335306167602539e-02,2.323733456432819366e-02,1.474501192569732666e-02,4.258684068918228149e-02,6.257067620754241943e-02,1.006103679537773132e-01,2.266607992351055145e-02,2.632986195385456085e-02,1.568002812564373016e-02,9.515292197465896606e-02,6.013848260045051575e-02,1.461910456418991089e-02,8.178111165761947632e-02,1.357451081275939941e-01,6.954504847526550293e-01,5.943313241004943848e-01,4.803860187530517578e-02,1.972305960953235626e-02,1.384002808481454849e-02,4.232613742351531982e-02,2.097486332058906555e-02,4.507131129503250122e-02,2.540101297199726105e-02,5.836980883032083511e-03,1.816150546073913574e-02,6.827253103256225586e-02,5.378961935639381409e-02,3.486663475632667542e-02,6.709981709718704224e-03,1.019176281988620758e-02,2.422871254384517670e-02,9.691089391708374023e-02,6.534186750650405884e-02,2.178327552974224091e-02,6.222609058022499084e-02,7.755243033170700073e-02,1.747986301779747009e-02,1.159623917192220688e-02,2.736537717282772064e-02,3.753194212913513184e-02,1.543349325656890869e-01,1.175904646515846252e-01,1.707297167740762234e-03,1.804812578484416008e-03,6.436799652874469757e-03,2.372475806623697281e-03,1.595352077856659889e-03,2.931344322860240936e-03,4.602692555636167526e-03,1.391994580626487732e-02,4.357378929853439331e-03,1.912513398565351963e-03,3.147321986034512520e-03,2.397769829258322716e-03,2.486414974555373192e-03,6.866875104606151581e-03,1.120596472173929214e-02,9.792308555915951729e-04,2.265231683850288391e-03,3.563698381185531616e-03,1.990258228033781052e-03,5.667192861437797546e-03,5.197414197027683258e-03,8.405249100178480148e-04,1.134645193815231323e-03,1.096364343538880348e-03,4.187592864036560059e-02,5.833482742309570312e-02,1.777284429408609867e-03,3.061977913603186607e-03,4.189913161098957062e-03,2.745849452912807465e-02,4.448233637958765030e-03,2.376097720116376877e-03,1.551038236357271671e-03,3.313896711915731430e-03,6.308580283075571060e-03,5.626001395285129547e-03,3.627735190093517303e-03,2.261180896311998367e-03,4.505817778408527374e-03,4.193070810288190842e-03,1.268530031666159630e-03,5.362222436815500259e-03,3.626944264397025108e-03,4.223484080284833908e-03,4.499312490224838257e-03,3.415236249566078186e-03,6.462920457124710083e-03,5.842885002493858337e-03,5.021588411182165146e-03,9.890414774417877197e-03,1.896954327821731567e-02,1.631271839141845703e-02,1.451771333813667297e-02,5.857603973709046841e-04

Feature: mfcc
-1.579668426513671875e+02,1.114138183593750000e+02,-2.373003196716308594e+01,-1.185327720642089844e+01,-1.323511123657226562e+01,-3.161293506622314453e+00,-2.169141006469726562e+01,-2.134701728820800781e+01,-1.487283897399902344e+01,-6.976089477539062500e+00,-1.402477741241455078e+00,7.185374736785888672e+00,3.988767242431640625e+01,5.062592506408691406e+00,-3.852573871612548828e+00,7.675491333007812500e+00,-2.346865892410278320e+00,7.480191230773925781e+00,-1.804766464233398438e+01,-1.285335922241210938e+01,-1.270630168914794922e+01,-5.599885940551757812e+00,-2.635639309883117676e-01,1.072220611572265625e+01,2.453530883789062500e+01,1.336524581909179688e+01,-9.392700791358947754e-01,2.098854064941406250e+00,-1.732711219787597656e+01,-3.322391033172607422e+00,-1.211758041381835938e+01,3.097700595855712891e+00,-8.850173950195312500e-01,2.582588434219360352e+00,-9.110693931579589844e-01,1.316692733764648438e+01,3.729478836059570312e+00,-4.114937305450439453e+00,1.847324609756469727e+00,-5.305319786071777344e+00
-1.511452026367187500e+02,9.337539672851562500e+01,-3.509525680541992188e+01,-1.836096572875976562e+01,-1.394396877288818359e+01,-7.601531982421875000e+00,-2.278561401367187500e+01,-2.577273559570312500e+01,-1.577687644958496094e+01,-4.959931850433349609e+00,7.228317260742187500e+00,1.527758789062500000e+01,4.523446273803710938e+01,9.474898338317871094e+00,-1.252889060974121094e+01,-2.098421812057495117e+00,-6.813694953918457031e+00,7.569880008697509766e+00,-1.541273880004882812e+01,-1.739402770996093750e+01,-1.485761260986328125e+01,-6.075809478759765625e+00,2.425066471099853516e+00,1.491302108764648438e+01,2.463981437683105469e+01,1.413761425018310547e+01,-1.937981322407722473e-02,1.521326601505279541e-01,-1.863270950317382812e+01,-1.080314445495605469e+01,-1.113768768310546875e+01,-2.480414390563964844e+00,-5.014453887939453125e+00,8.675373077392578125e+00,-9.138125181198120117e-02,1.876846885681152344e+01,3.637795209884643555e+00,-1.099202823638916016e+01,-2.075855493545532227e+00,-6.549614429473876953e+00
-1.848885955810546875e+02,7.629336547851562500e+01,-3.718209838867187500e+01,-1.970255088806152344e+01,-1.599181842803955078e+01,-1.634141921997070312e+01,-2.167240905761718750e+01,-2.409567260742187500e+01,-1.503637123107910156e+01,-7.391962051391601562e+00,1.016166114807128906e+01,2.229891586303710938e+01,3.746960449218750000e+01,9.563819885253906250e+00,-2.348300552368164062e+01,-1.487576484680175781e+01,-1.303688430786132812e+01,2.798235654830932617e+00,-1.119536972045898438e+01,-2.320968437194824219e+01,-1.776359176635742188e+01,-7.973144531250000000e+00,5.052309036254882812e+00,1.970063400268554688e+01,1.568400955200195312e+01,1.563799762725830078e+01,7.773145675659179688e+00,-2.167950630187988281e+00,-2.185737609863281250e+01,-1.799246597290039062e+01,-1.027822685241699219e+01,-1.166476058959960938e+01,-1.097044372558593750e+01,1.386673545837402344e+01,2.692159175872802734e+00,2.035590362548828125e+01,6.525758743286132812e+00,-1.037060546875000000e+01,-6.458167076110839844e+00,-3.167080640792846680e+00
-1.963127441406250000e+02,7.781749725341796875e+01,-2.801054382324218750e+01,-6.156640052795410156e+00,-1.188007545471191406e+01,-1.946815490722656250e+01,-2.116296958923339844e+01,-2.594575691223144531e+01,-1.504993629455566406e+01,-1.290378570556640625e+01,8.415407180786132812e+00,1.663269615173339844e+01,2.335382270812988281e+01,4.661849021911621094e+00,-2.486024093627929688e+01,-2.021293258666992188e+01,-1.841193008422851562e+01,5.880137681961059570e-01,-7.843948364257812500e+00,-2.173157882690429688e+01,-1.656977272033691406e+01,-5.549849510192871094e+00,1.144953823089599609e+01,2.174838447570800781e+01,1.136120796203613281e+01,1.866053581237792969e+01,7.810523033142089844e+00,-6.173328399658203125e+00,-2.319832992553710938e+01,-1.869023895263671875e+01,-1.412893009185791016e+01,-1.135101127624511719e+01,-1.578175449371337891e+01,7.827351570129394531e+00,6.704854965209960938e+00,1.895474624633789062e+01,1.307757949829101562e+01,-7.790157318115234375e+00,-1.073100471496582031e+01,-1.336282253265380859e+00
-1.991438903808593750e+02,8.237074279785156250e+01,-1.457781505584716797e+01,9.996268749237060547e-01,-7.344440460205078125e+00,-2.075419807434082031e+01,-2.270195007324218750e+01,-2.855661392211914062e+01,-1.735011863708496094e+01,-1.872741127014160156e+01,1.001680183410644531e+01,1.639395904541015625e+01,2.142708587646484375e+01,8.564596176147460938e+00,-2.081655502319335938e+01,-1.869270133972167969e+01,-2.289249420166015625e+01,-3.939240574836730957e-01,-4.368225574493408203e+00,-1.876645469665527344e+01,-1.429115867614746094e+01,-5.880925655364990234e+00,1.440095520019531250e+01,2.063307952880859375e+01,7.673757076263427734e+00,1.537508010864257812e+01,4.816325664520263672e+00,-1.190330028533935547e+01,-2.090085983276367188e+01,-1.728514099121093750e+01,-1.165356731414794922e+01,-6.888457298278808594e+00,-1.416480159759521484e+01,7.954128742218017578e+00,3.122512817382812500e+00,1.650145339965820312e+01,1.450812530517578125e+01,-8.118524551391601562e+00,-1.291559982299804688e+01,-9.044346809387207031e-01
-1.960119934082031250e+02,7.662150573730468750e+01,-1.329237174987792969e+01,-2.879612445831298828e+00,-9.201158523559570312e+00,-2.195479774475097656e+01,-2.499507904052734375e+01,-2.273727226257324219e+01,-9.320116043090820312e+00,-1.538864517211914062e+01,1.616157341003417969e+01,1.828951263427734375e+01,2.765917587280273438e+01,8.558485031127929688e+00,-2.462589645385742188e+01,-1.515688323974609375e+01,-2.016935539245605469e+01,-2.358456373214721680e+00,-6.474246978759765625e+00,-2.061043167114257812e+01,-1.424323749542236328e+01,-7.225248336791992188e+00,1.526240348815917969e+01,2.124892425537109375e+01,5.744791030883789062e+00,1.349658870697021484e+01,4.060114860534667969e+00,-1.705710411071777344e+01,-1.814249038696289062e+01,-1.142638587951660156e+01,-1.196557998657226562e+01,-1.111155128479003906e+01,-1.280701637268066406e+01,1.054419231414794922e+01,8.088028907775878906e+00,1.756948852539062500e+01,1.190887641906738281e+01,-1.053330612182617188e+01,-1.734638214111328125e+01,-2.530055999755859375e+00
-1.995731658935546875e+02,6.411682891845703125e+01,-1.869002532958984375e+01,-4.980930328369140625e+00,-9.657090187072753906e+00,-2.084305191040039062e+01,-2.251281547546386719e+01,-2.203471755981445312e+01,-1.236097621917724609e+01,-1.504916954040527344e+01,2.176042747497558594e+01,1.601644897460937500e+01,2.811528396606445312e+01,8.964362144470214844e+00,-1.936996841430664062e+01,-8.581058502197265625e+00,-1.658497428894042969e+01,-6.410604953765869141e+00,-1.306517982482910156e+01,-2.252408409118652344e+01,-9.773753166198730469e+00,-4.087460517883300781e+00,1.211492919921875000e+01,2.255505371093750000e+01,9.557973861694335938e+00,1.663758468627929688e+01,1.177322149276733398e+00,-2.300624084472656250e+01,-1.517603683471679688e+01,-5.970283031463623047e+00,-1.363463783264160156e+01,-1.207143974304199219e+01,-1.392034149169921875e+01,9.695264816284179688e+00,1.419255638122558594e+01,1.545608329772949219e+01,6.640923976898193359e+00,-1.078717708587646484e+01,-1.623327255249023438e+01,-8.861264228820800781e+00
-2.073477478027343750e+02,6.312338256835937500e+01,-2.074882316589355469e+01,-1.579160928726196289e+00,-9.172014236450195312e+00,-2.065126037597656250e+01,-1.943163108825683594e+01,-2.175259780883789062e+01,-1.702038955688476562e+01,-1.673465728759765625e+01,2.585060882568359375e+01,2.040959167480468750e+01,2.571116638183593750e+01,1.402070236206054688e+01,-1.074530410766601562e+01,-8.402124404907226562e+00,-2.031469154357910156e+01,-8.406473159790039062e+00,-1.136036872863769531e+01,-2.143740844726562500e+01,-1.226358509063720703e+01,-5.382559299468994141e-01,1.367379760742187500e+01,2.493218231201171875e+01,7.681571483612060547e+00,1.037835502624511719e+01,-4.016077518463134766e+00,-2.307789993286132812e+01,-1.314514636993408203e+01,-2.899056911468505859e+00,-1.253130722045898438e+01,-9.726921081542968750e+00,-1.113524246215820312e+01,9.939886093139648438e+00,1.204065322875976562e+01,1.422683143615722656e+01,6.222748756408691406e+00,-1.014930343627929688e+01,-1.393742561340332031e+01,-4.956199645996093750e+00
-1.987433166503906250e+02,6.858523559570312500e+01,-3.204886627197265625e+01,-1.076640319824218750e+01,-4.500298500061035156e+00,-2.472447013854980469e+01,-2.579890441894531250e+01,-1.899542999267578125e+01,-1.006683731079101562e+01,-1.062112236022949219e+01,2.316802597045898438e+01,2.294676780700683594e+01,2.824204444885253906e+01,1.390056419372558594e+01,-7.409430503845214844e+00,-3.001492500305175781e+00,-2.057752418518066406e+01,-1.543042945861816406e+01,-8.291489601135253906e+00,-1.712777709960937500e+01,-1.245278167724609375e+01,-1.927022337913513184e-01,1.473636627197265625e+01,2.489006042480468750e+01,3.834381818771362305e+00,2.760951280593872070e+00,-6.548312664031982422e+00,-2.090358352661132812e+01,-1.557769012451171875e+01,-6.919753074645996094e+00,-7.961924076080322266e+00,-9.841022491455078125e+00,-1.263846397399902344e+01,1.024413490295410156e+01,1.166897392272949219e+01,1.336734676361083984e+01,1.234580039978027344e+00,-7.903611660003662109e+00,-9.084775924682617188e+00,-3.444908857345581055e+00
-1.805467224121093750e+02,6.578106689453125000e+01,-3.997700500488281250e+01,-2.316693115234375000e+01,1.934766292572021484e+00,-2.250638771057128906e+01,-2.807853126525878906e+01,-1.887891197204589844e+01,-9.852886199951171875e+00,-9.054570198059082031e+00,1.764093017578125000e+01,2.571459579467773438e+01,3.084169006347656250e+01,9.973961830139160156e+00,-9.347473144531250000e+00,-5.370672225952148438e+00,-2.341427421569824219e+01,-1.479392623901367188e+01,-7.839592456817626953e+00,-1.002022171020507812e+01,-1.017336750030517578e+01,1.003429770469665527e+00,1.560173892974853516e+01,2.264133644104003906e+01,1.640147864818572998e-01,-1.316673278808593750e+00,-1.000213813781738281e+01,-1.744303512573242188e+01,-1.742521095275878906e+01,-1.265083599090576172e+01,-1.202632522583007812e+01,-1.184191703796386719e+01,-7.518751144409179688e+00,1.232343196868896484e+01,6.321019172668457031e+00,1.637925338745117188e+01,3.121468544006347656e+00,-5.418466091156005859e+00,-9.319513320922851562e+00,-1.843433737754821777e+00
-1.716863708496093750e+02,6.495806884765625000e+01,-3.816602706909179688e+01,-2.697029113769531250e+01,1.782450914382934570e+00,-1.905422592163085938e+01,-2.972504234313964844e+01,-1.869962310791015625e+01,-8.638999938964843750e+00,-1.553955078125000000e+01,1.011432075500488281e+01,2.186357879638671875e+01,2.556302833557128906e+01,8.265914916992187500e+00,-6.384745121002197266e+00,-1.700727820396423340e+00,-2.255051612854003906e+01,-1.016718482971191406e+01,-6.824414253234863281e+00,-7.159091949462890625e+00,-7.298505783081054688e+00,3.608552932739257812e+00,1.670905303955078125e+01,2.205170059204101562e+01,-2.799179315567016602e+00,-8.317801475524902344e+00,-1.359904670715332031e+01,-1.532252502441406250e+01,-1.407339668273925781e+01,-1.134947776794433594e+01,-1.453783321380615234e+01,-9.530591011047363281e+00,-2.509916067123413086e+00,1.268065452575683594e+01,9.837940931320190430e-01,1.157564353942871094e+01,1.456671357154846191e+00,-5.326315879821777344e+00,-9.044239997863769531e+00,-2.578022480010986328e+00
-1.648886718750000000e+02,6.617683410644531250e+01,-3.795203781127929688e+01,-2.538275146484375000e+01,-1.923119783401489258e+00,-1.900996017456054688e+01,-2.722903060913085938e+01,-1.321342086791992188e+01,-4.432952880859375000e+00,-1.785493087768554688e+01,1.009020328521728516e+01,1.618357276916503906e+01,2.516146850585937500e+01,1.089023685455322266e+01,-8.788879394531250000e+00,-5.037745475769042969e+00,-2.449652099609375000e+01,-1.324364566802978516e+01,-9.299645423889160156e+00,-1.230946922302246094e+01,-7.659480571746826172e+00,4.085160732269287109e+00,1.816726303100585938e+01,1.932865142822265625e+01,-6.693402290344238281e+00,-5.159781455993652344e+00,-1.154178619384765625e+01,-1.290102386474609375e+01,-1.189404678344726562e+01,-7.859914779663085938e+00,-1.239395236968994141e+01,-7.939826965332031250e+00,6.739575862884521484e+00,1.832880401611328125e+01,1.679804801940917969e+00,1.235532855987548828e+01,-2.330563068389892578e+00,-9.190123558044433594e+00,-1.127961540222167969e+01,-3.329807281494140625e+00
-1.633911590576171875e+02,6.560244750976562500e+01,-3.544010925292968750e+01,-2.057821273803710938e+01,-1.722625494003295898e+00,-1.707479095458984375e+01,-3.315057373046875000e+01,-1.767164039611816406e+01,-5.947106361389160156e+00,-1.753899192810058594e+01,1.693145370483398438e+01,1.715650558471679688e+01,2.343111419677734375e+01,1.166475391387939453e+01,-1.268329238891601562e+01,-9.544927597045898438e+00,-2.600670623779296875e+01,-1.402715492248535156e+01,-9.734696388244628906e+00,-1.323261547088623047e+01,-4.462905883789062500e+00,9.439357757568359375e+00,1.943936729431152344e+01,1.750866508483886719e+01,-7.889753341674804688e+00,-4.590114116668701172e+00,-1.264416599273681641e+01,-1.049619674682617188e+01,-1.148242282867431641e+01,-4.766967773437500000e+00,-1.343712615966796875e+01,-4.201656818389892578e+00,1.320539855957031250e+01,1.508079147338867188e+01,3.099767684936523438e+00,1.337030029296875000e+01,-9.649126052856445312e+00,-1.203302383422851562e+01,-6.801088333129882812e+00,-5.814967155456542969e-01
-1.727316284179687500e+02,6.213366699218750000e+01,-3.076064491271972656e+01,-2.566307830810546875e+01,-8.237007856369018555e-01,-1.670456314086914062e+01,-3.222282409667968750e+01,-2.173456954956054688e+01,-3.913455963134765625e+00,-1.319073295593261719e+01,1.823632431030273438e+01,2.106882858276367188e+01,2.670055389404296875e+01,1.208312225341796875e+01,-9.620735168457031250e+00,-5.734951972961425781e+00,-2.023438262939453125e+01,-1.321880531311035156e+01,-9.934065818786621094e+00,-1.127656173706054688e+01,-8.383247256278991699e-01,1.219905471801757812e+01,1.274699020385742188e+01,1.131538772583007812e+01,-8.844592094421386719e+00,-6.952275276184082031e+00,-1.941466522216796875e+01,-1.033681774139404297e+01,-1.309570884704589844e+01,-4.847609519958496094e+00,-1.485844802856445312e+01,-7.806384563446044922e-01,1.549059867858886719e+01,1.163756179809570312e+01,4.156371593475341797e+00,1.085086631774902344e+01,-9.935518264770507812e+00,-1.132749938964843750e+01,-7.269899368286132812e+00,-1.664307594299316406e+00
-1.765240936279296875e+02,5.940510559082031250e+01,-1.950740432739257812e+01,-2.335732650756835938e+01,1.245121479034423828e+00,-1.819044494628906250e+01,-2.764197540283203125e+01,-1.648450279235839844e+01,1.787257313728332520e+00,-6.971373558044433594e+00,1.554916191101074219e+01,2.323917388916015625e+01,2.283674430847167969e+01,6.623696327209472656e+00,-1.148810958862304688e+01,-6.221810340881347656e+00,-1.639741897583007812e+01,-1.356149864196777344e+01,-9.447676658630371094e+00,-7.963896274566650391e+00,1.942662477493286133e+00,1.478484535217285156e+01,1.036988639831542969e+01,1.034591484069824219e+01,-6.354248046875000000e+00,-7.814205169677734375e+00,-1.821702194213867188e+01,-1.112989425659179688e+01,-8.502112388610839844e+00,-5.425116539001464844e+00,-1.196832752227783203e+01,3.562582969665527344e+00,1.177442550659179688e+01,9.413482666015625000e+00,1.998889207839965820e+00,6.707382202148437500e+00,-7.886400222778320312e+00,-9.908512115478515625e+00,-7.816159248352050781e+00,-4.682586669921875000e+00
-1.844474945068359375e+02,7.468127441406250000e+01,6.942052841186523438e+00,-1.732098960876464844e+01,-3.539882659912109375e+00,-1.790793609619140625e+01,-2.541767883300781250e+01,-1.213229560852050781e+01,9.579286575317382812e-01,-3.572587490081787109e+00,1.663291358947753906e+01,2.322373580932617188e+01,1.690421485900878906e+01,-2.233912467956542969e+00,-1.113801574707031250e+01,-5.612733840942382812e+00,-1.405653190612792969e+01,-9.634220123291015625e+00,-2.564409494400024414e+00,-4.059062480926513672e+00,9.881675243377685547e-01,1.319843387603759766e+01,1.040096664428710938e+01,8.373954772949218750e+00,-5.663827896118164062e+00,-2.929535865783691406e+00,-9.648515701293945312e+00,-6.408858776092529297e+00,1.202351450920104980e+00,-4.476921081542968750e+00,-1.075298786163330078e+01,5.335137367248535156e+00,6.103848457336425781e+00,5.304353713989257812e+00,-2.184410572052001953e+00,4.735248565673828125e+00,-8.463644027709960938e+00,-1.239373207092285156e+01,-8.136682510375976562e+00,2.742145061492919922e+00

Feature: rms
1.709161400794982910e-01
2.283641397953033447e-01
2.779485881328582764e-01
2.903057932853698730e-01
2.921159267425537109e-01
2.854842543601989746e-01
2.851235270500183105e-01
3.036135733127593994e-01
2.997155785560607910e-01
2.917715609073638916e-01
2.710565924644470215e-01
2.494571805000305176e-01
2.204596698284149170e-01
1.948164999485015869e-01
1.581732928752899170e-01
9.474083036184310913e-02

Feature: spectral_centroid
1.661598128146885074e+03
1.596212574390636746e+03
1.578307501615023511e+03
1.503245288073252141e+03
1.527126942727202731e+03
1.599366559595523540e+03
1.732531033792497965e+03
1.617536569237508047e+03
1.547510937175444042e+03
1.654821683032364490e+03
1.959915596766662020e+03
1.992413546478458557e+03
1.997755162459902522e+03
2.141141300328281886e+03
2.593939065293265230e+03
2.665696921631543319e+03

Feature: spectral_bandwidth
2.055594890850311003e+03
2.002888043374587596e+03
2.046760889056617998e+03
2.021222268942352912e+03
2.112709916117491957e+03
2.193805376448729476e+03
2.331873698947783851e+03
2.201525731595538218e+03
2.111331720506942474e+03
2.227867428234040744e+03
2.483764926567286238e+03
2.479761107302384517e+03
2.461110834470080135e+03
2.656405311741863443e+03
3.011584134194391481e+03
3.104778143650170932e+03

Feature: spectral_contrast
3.180085532617181965e+00,4.653205824411123182e+00,2.520073189686054249e+01,1.377491209065438049e+01,1.963959927087707058e+01,1.968356140989918046e+01,2.322872591330323289e+01
6.688719821627008066e+00,6.175544264998444000e+00,2.992390225244631097e+01,2.041215910820405099e+01,1.978313724735383161e+01,2.242838581911821549e+01,2.716634948541161521e+01
1.811306326438330672e+01,5.950137106880507787e+00,3.345991508821209237e+01,2.490260889867409588e+01,2.308470845721053166e+01,2.289862366052289744e+01,4.743408261553501148e+01
1.951749066061360693e+01,1.098971412916188761e+01,3.645097248212070440e+01,2.495001630366575540e+01,2.069608655925382479e+01,2.016755757249470804e+01,4.909927461502592649e+01
1.722296961529533021e+01,1.058091339907413087e+01,3.313348362584201112e+01,2.216299837222399205e+01,2.460272403276039554e+01,2.010112124245475940e+01,4.554411925027067554e+01
1.572417970941284970e+01,8.835287395102623620e+00,3.153267404193791279e+01,2.252007434918931494e+01,2.528071430304377287e+01,1.879052089148195037e+01,4.781170566384455611e+01
1.935133479566360037e+01,1.015069738411849443e+01,3.187738727799509064e+01,2.465958917302516795e+01,1.669242403974920919e+01,1.742389164779948985e+01,4.722536007867223873e+01
2.041374322504160332e+01,9.479292410640219657e+00,3.058581733370961686e+01,2.270523067698766795e+01,1.793805217518603001e+01,1.641578750140649490e+01,4.417241230792838280e+01
1.871170969898391689e+01,9.237562769147478647e+00,3.509095930660052431e+01,2.139698137094438835e+01,1.846730495561001817e+01,1.719473759115007994e+01,4.300450570653994475e+01
1.682367149788841587e+01,2.214061448717255942e+01,3.097962527600756033e+01,1.800830177619456407e+01,2.095688042100512050e+01,1.466062797231696457e+01,4.263081378646985087e+01
1.790056554689891755e+01,1.760425066311679032e+01,3.080947645106213884e+01,1.779457987416586917e+01,2.058110186593688695e+01,1.694193026363278420e+01,4.382095477335151656e+01
1.870617811088087024e+01,9.126543507170314484e+00,3.211553647964503000e+01,1.992608013586760762e+01,1.923941034127818384e+01,1.658444793488453328e+01,4.324903909042853911e+01
2.237482807371527471e+01,1.832683753370069013e+01,3.424887870525953559e+01,1.812331554335592187e+01,1.947604787353672862e+01,2.017461939119643333e+01,4.437780560764017679e+01
2.274673892284396004e+01,8.955431984661531786e+00,3.155897226798348498e+01,1.538951921281920576e+01,1.985851269729234403e+01,1.808887821219165914e+01,4.662254072809366079e+01
1.628863577176411326e+01,8.108865718635060560e+00,2.719906828963029710e+01,1.704208786992742120e+01,1.958996425296437494e+01,2.270547478316719392e+01,2.369488904687601050e+01
6.310174107615932115e+00,4.613646650135192928e+00,2.828888980660548569e+01,1.708593207765801480e+01,1.712807726003925879e+01,1.854319547530030121e+01,1.911637237262277011e+01

Feature: spectral_flatness
2.529016928747296333e-03
8.694788557477295399e-04
3.471234522294253111e-04
2.472728374414145947e-04
2.787323610391467810e-04
3.824309969786554575e-04
4.360240127425640821e-04
3.072422405239194632e-04
2.709176915232092142e-04
4.622130072675645351e-04
8.318038890138268471e-04
1.081564580090343952e-03
1.077677588909864426e-03
1.482521649450063705e-03
3.422123845666646957e-03
6.884044501930475235e-03

Feature: spectral_rolloff
3.133081054687500000e+03
2.670117187500000000e+03
2.680883789062500000e+03
2.573217773437500000e+03
2.680883789062500000e+03
2.896215820312500000e+03
3.305346679687500000e+03
2.939282226562500000e+03
2.508618164062500000e+03
2.530151367187500000e+03
3.617578125000000000e+03
3.768310546875000000e+03
4.231274414062500000e+03
5.049536132812500000e+03
6.416894531250000000e+03
6.826025390625000000e+03

Feature: poly_features
-3.058151185848402695e-04,2.491777654410604281e+00
-4.111396172421676780e-04,3.331869529156629373e+00
-3.387814638140960381e-04,2.741484431888543405e+00
-3.275543646397876315e-04,2.634812510577928979e+00
-3.084337665248358933e-04,2.485687065270326457e+00
-3.180781222047295302e-04,2.578364895265112811e+00
-2.908069310875268558e-04,2.383873330096316856e+00
-3.061841716600494914e-04,2.485656179631545726e+00
-3.292886449268356860e-04,2.658068840998603743e+00
-3.712017514260204046e-04,3.022828609216512863e+00
-2.953538368494339227e-04,2.471903142891280325e+00
-3.054783017162058709e-04,2.564694556265261216e+00
-3.173188364562527048e-04,2.665494175246785780e+00
-2.706738395820712669e-04,2.306915159977797281e+00
-1.837224274444676389e-04,1.651646162034754894e+00
-1.528725621847552873e-04,1.387708705069330417e+00

Feature: tonnetz
1.023934101964930760e-01,1.496229044108780479e-02,-1.334290765225887854e-01,-3.026329297572376009e-01,-5.760383424867096536e-02,-8.026424841955309697e-02
3.032193626063070524e-01,1.908327061201200714e-01,-8.624949492514046717e-03,-5.504150707274675369e-01,-1.883083789293383270e-01,-9.960957476869236604e-02
5.017022119720918605e-01,3.104307884210318336e-01,-3.516460768878322887e-03,-6.623588092625141144e-01,-2.635829567081076075e-01,-1.453836453147233643e-01
6.216485283238418758e-01,3.504013049852153228e-01,-3.745032334700211518e-02,-7.446733377873898663e-01,-3.053632577872588683e-01,-1.839164301054553585e-01
5.306553800709136182e-01,3.390294907973458449e-01,2.271402627229705123e-02,-6.995803974568844952e-01,-2.896109465246810011e-01,-1.408228073269129910e-01
3.466233751539450902e-01,2.683406213967052811e-01,1.020513325929642834e-01,-6.145092928782104336e-01,-2.409452432240660191e-01,-8.409610390663160850e-02
4.080298630958100747e-01,2.945276560978684621e-01,9.420644491910948326e-02,-6.645050235092638813e-01,-2.652620784241581098e-01,-1.098402647767217355e-01
4.015965353385715364e-01,2.871664105791357779e-01,1.137028420343996482e-01,-6.708155134692787014e-01,-2.680239341129064257e-01,-9.693063609302057793e-02
3.951909867769903828e-01,3.001087108966696837e-01,1.297710253857077556e-01,-6.682132026180623852e-01,-2.729485334261367302e-01,-8.984528516884905669e-02
1.384526536907516592e-01,2.390906301136848100e-01,2.785378424450756230e-01,-5.420269593596456215e-01,-2.221057827576445320e-01,1.474228990264226519e-02
-3.045213720096932031e-01,1.268064900313480847e-01,5.209229337051511921e-01,-2.856637239456173982e-01,-1.152066111115916114e-01,1.960372780449688435e-01
-2.269380670470145245e-01,1.339529209684688638e-01,5.046282261610031128e-01,-2.768991701304910347e-01,-1.201441359775985152e-01,1.760599792469293157e-01
-4.559996414728539893e-01,2.960826247038570239e-02,6.273461715318260357e-01,-5.542845837771864098e-02,-2.508007958436175855e-02,2.667311405530199409e-01
-2.095300336111957651e-01,1.857664401621255974e-03,4.760202663019295621e-01,-1.992679852992276443e-02,-5.206064148641707280e-03,1.573471971787512580e-01
-2.277429244846077006e-02,-3.846113041190563075e-02,3.340911380946629539e-01,5.170225072652109150e-02,2.105725973115134958e-02,7.103524170815948835e-02
-1.530219082013893617e-01,-5.043101255260023369e-02,3.111376427114004861e-01,7.230226509273052216e-02,3.234343793025974689e-02,1.061063911765814105e-01

Feature: zero_crossing_rate
2.734375000000000000e-02
4.052734375000000000e-02
5.371093750000000000e-02
5.322265625000000000e-02
5.273437500000000000e-02
5.273437500000000000e-02
5.322265625000000000e-02
5.322265625000000000e-02
5.371093750000000000e-02
5.419921875000000000e-02
5.419921875000000000e-02
5.517578125000000000e-02
5.908203125000000000e-02
5.957031250000000000e-02
4.785156250000000000e-02
3.417968750000000000e-02

