Feature: chroma_stft
1.908945739269256592e-01,2.246551662683486938e-01,3.821592628955841064e-01,9.745877385139465332e-01,1.000000000000000000e+00,4.066370129585266113e-01,1.671619713306427002e-01,1.632694900035858154e-01,1.425868570804595947e-01,1.455933898687362671e-01,1.742396056652069092e-01,2.124754637479782104e-01
8.641518652439117432e-03,8.998076431453227997e-03,2.792131714522838593e-02,4.356795549392700195e-01,1.000000000000000000e+00,2.759906649589538574e-01,2.421723678708076477e-02,9.782569482922554016e-03,8.123970590531826019e-03,6.127437576651573181e-03,7.905782200396060944e-03,1.378060970455408096e-02
8.925545844249427319e-04,4.642335115931928158e-04,4.393676761537790298e-03,2.252078354358673096e-01,1.000000000000000000e+00,4.302463531494140625e-01,2.098113670945167542e-02,1.285311416722834110e-03,1.168114366009831429e-03,5.100439302623271942e-04,7.773862453177571297e-04,2.653282601386308670e-03
1.120365806855261326e-03,3.161272325087338686e-04,2.930438378825783730e-03,1.578956991434097290e-01,1.000000000000000000e+00,4.816666245460510254e-01,1.917795278131961823e-02,1.345741329714655876e-03,6.218448397703468800e-04,6.116171716712415218e-04,8.739294135011732578e-04,2.954614814370870590e-03
1.659980858676135540e-03,4.256452957633882761e-04,2.357965335249900818e-03,1.057132109999656677e-01,1.000000000000000000e+00,6.010479927062988281e-01,2.548996731638908386e-02,1.994600985199213028e-03,5.855787894688546658e-04,6.735787028446793556e-04,1.171316253021359444e-03,4.678929224610328674e-03
1.512003946118056774e-03,3.900183073710650206e-04,2.118916483595967293e-03,1.302029639482498169e-01,1.000000000000000000e+00,4.935623407363891602e-01,1.536218356341123581e-02,1.190131064504384995e-03,5.768645205534994602e-04,4.789519589394330978e-04,8.034144993871450424e-04,3.961062058806419373e-03
1.277872477658092976e-03,2.621448074933141470e-04,2.245702315121889114e-03,1.565623134374618530e-01,1.000000000000000000e+00,4.399449825286865234e-01,1.121565699577331543e-02,7.095335749909281731e-04,8.858568617142736912e-04,4.835356958210468292e-04,9.191985591314733028e-04,4.091403912752866745e-03
1.077879103831946850e-03,1.560303498990833759e-04,2.357625868171453476e-03,1.661423891782760620e-01,1.000000000000000000e+00,4.030777812004089355e-01,9.032214060425758362e-03,5.523850559256970882e-04,6.781033007428050041e-04,4.914661403745412827e-04,1.002219389192759991e-03,3.289235522970557213e-03
6.069935043342411518e-04,1.325993507634848356e-04,2.753643551841378212e-03,1.865063309669494629e-01,1.000000000000000000e+00,3.802404403686523438e-01,8.700656704604625702e-03,6.544562638737261295e-04,8.486637962050735950e-04,4.530677979346364737e-04,6.568614044226706028e-04,1.758255180902779102e-03
3.273253969382494688e-04,1.986164861591532826e-04,3.148632356896996498e-03,1.999874264001846313e-01,1.000000000000000000e+00,3.506073057651519775e-01,7.609957363456487656e-03,7.718524429947137833e-04,1.405083574354648590e-03,4.892116412520408630e-04,5.243657506071031094e-04,1.084511168301105499e-03
5.386744160205125809e-04,2.021055552177131176e-04,3.215274773538112640e-03,1.999737024307250977e-01,1.000000000000000000e+00,3.290313184261322021e-01,6.987821776419878006e-03,8.550957427360117435e-04,1.587343751452863216e-03,5.574089591391384602e-04,6.888710195198655128e-04,2.044031862169504166e-03
7.482001092284917831e-04,2.439037198200821877e-04,3.490415867418050766e-03,2.113551646471023560e-01,1.000000000000000000e+00,3.105487823486328125e-01,6.125456187874078751e-03,6.878275889903306961e-04,9.170150151476264000e-04,7.515139295719563961e-04,1.061261282302439213e-03,2.758934162557125092e-03
6.509337690658867359e-04,2.721203491091728210e-04,3.900418058037757874e-03,2.293337881565093994e-01,1.000000000000000000e+00,3.000718355178833008e-01,5.723680369555950165e-03,5.409006262198090553e-04,7.564543629996478558e-04,1.022056560032069683e-03,1.197949983179569244e-03,1.842000521719455719e-03
5.522099672816693783e-04,3.371503553353250027e-04,4.094760399311780930e-03,2.322208434343338013e-01,1.000000000000000000e+00,2.981145679950714111e-01,5.913906265050172806e-03,6.421174621209502220e-04,9.074655245058238506e-04,7.521504885517060757e-04,7.492456934414803982e-04,1.222922466695308685e-03
5.659686285071074963e-04,3.500679158605635166e-04,4.117572680115699768e-03,2.248762100934982300e-01,1.000000000000000000e+00,2.985478043556213379e-01,5.745848640799522400e-03,7.530769216828048229e-04,1.229248126037418842e-03,6.944925407879054546e-04,7.350166561082005501e-04,1.444318331778049469e-03
6.331022595986723900e-04,4.760455922223627567e-04,4.480623174458742142e-03,2.295407205820083618e-01,1.000000000000000000e+00,3.092195093631744385e-01,5.847106222063302994e-03,7.032235735096037388e-04,9.686589473858475685e-04,7.988585275597870350e-04,8.580280118621885777e-04,1.754626980982720852e-03
5.354679189622402191e-03,8.559358306229114532e-03,2.467812597751617432e-02,3.268117010593414307e-01,1.000000000000000000e+00,3.941559791564941406e-01,3.158161789178848267e-02,9.999628178775310516e-03,6.776717491447925568e-03,5.495651625096797943e-03,4.859038162976503372e-03,6.215128116309642792e-03

Feature: chroma_cqt
3.877417743206024170e-01,3.987585306167602539e-01,4.716660380363464355e-01,9.486205577850341797e-01,1.000000000000000000e+00,4.366168081760406494e-01,3.671545684337615967e-01,3.773156404495239258e-01,3.449721932411193848e-01,3.483631014823913574e-01,3.565475940704345703e-01,3.747538924217224121e-01
1.843935847282409668e-01,1.840498298406600952e-01,2.229507565498352051e-01,6.372967958450317383e-01,1.000000000000000000e+00,2.859792709350585938e-01,1.634777039289474487e-01,1.778070926666259766e-01,1.480688452720642090e-01,1.544042825698852539e-01,1.746754497289657593e-01,1.888013929128646851e-01
9.767663478851318359e-02,9.629703313112258911e-02,1.106746867299079895e-01,3.983717858791351318e-01,1.000000000000000000e+00,1.878742724657058716e-01,1.041441038250923157e-01,9.513513743877410889e-02,8.685187250375747681e-02,8.693385869264602661e-02,8.464218676090240479e-02,1.046045199036598206e-01
6.920082122087478638e-02,6.535319983959197998e-02,7.554420828819274902e-02,2.623453140258789062e-01,1.000000000000000000e+00,1.341610103845596313e-01,8.807732909917831421e-02,6.348494440317153931e-02,6.864371150732040405e-02,5.931706354022026062e-02,5.823088064789772034e-02,7.999183237552642822e-02
5.698795244097709656e-02,6.648289412260055542e-02,6.081306561827659607e-02,1.621249169111251831e-01,1.000000000000000000e+00,1.212275475263595581e-01,9.641153365373611450e-02,5.769506841897964478e-02,5.795988440513610840e-02,5.333484336733818054e-02,4.906656965613365173e-02,7.985957711935043335e-02
5.098766461014747620e-02,6.153055652976036072e-02,5.753809958696365356e-02,1.563896983861923218e-01,1.000000000000000000e+00,1.177039444446563721e-01,8.111194521188735962e-02,5.546755716204643250e-02,4.894593358039855957e-02,4.759588465094566345e-02,4.477142170071601868e-02,7.141109555959701538e-02
4.697141796350479126e-02,5.216033011674880981e-02,5.013372004032135010e-02,1.721380352973937988e-01,1.000000000000000000e+00,7.422922551631927490e-02,6.906143575906753540e-02,5.559665709733963013e-02,5.075724050402641296e-02,4.075572267174720764e-02,4.358787834644317627e-02,7.201854884624481201e-02
4.329311847686767578e-02,3.940009325742721558e-02,4.266532883048057556e-02,2.096031159162521362e-01,1.000000000000000000e+00,6.216500699520111084e-02,6.576111167669296265e-02,4.913414269685745239e-02,4.083567112684249878e-02,3.755530342459678650e-02,3.716111928224563599e-02,6.586033105850219727e-02
4.241959750652313232e-02,3.644987195730209351e-02,3.569928929209709167e-02,2.346643358469009399e-01,1.000000000000000000e+00,4.533901810646057129e-02,6.536126136779785156e-02,5.134248360991477966e-02,4.021172970533370972e-02,2.975057810544967651e-02,2.789004519581794739e-02,5.225635692477226257e-02
4.224148765206336975e-02,3.700089827179908752e-02,3.960574790835380554e-02,2.503738105297088623e-01,1.000000000000000000e+00,5.255157127976417542e-02,6.494218111038208008e-02,5.365304648876190186e-02,4.292028397321701050e-02,2.876354567706584930e-02,2.968462184071540833e-02,3.523476421833038330e-02
4.405483976006507874e-02,3.726510703563690186e-02,3.817476704716682434e-02,2.737296223640441895e-01,1.000000000000000000e+00,6.058917567133903503e-02,7.044924050569534302e-02,5.341876298189163208e-02,4.226345568895339966e-02,3.079280070960521698e-02,3.369812667369842529e-02,4.700082540512084961e-02
4.825005307793617249e-02,3.799648582935333252e-02,3.736538067460060120e-02,3.112047016620635986e-01,1.000000000000000000e+00,6.709765642881393433e-02,7.470848411321640015e-02,5.465500056743621826e-02,4.259205237030982971e-02,3.412837907671928406e-02,3.577679768204689026e-02,5.481074750423431396e-02
4.863392934203147888e-02,3.769155219197273254e-02,4.163403809070587158e-02,3.339540660381317139e-01,1.000000000000000000e+00,4.979340359568595886e-02,6.658418476581573486e-02,5.294375121593475342e-02,4.247570037841796875e-02,3.963525220751762390e-02,3.127910196781158447e-02,4.559803381562232971e-02
4.804133251309394836e-02,3.765758872032165527e-02,4.995508491992950439e-02,3.356912136077880859e-01,1.000000000000000000e+00,5.482651293277740479e-02,6.307621300220489502e-02,5.475480109453201294e-02,4.740867763757705688e-02,3.045118041336536407e-02,3.186041861772537231e-02,4.040742665529251099e-02
5.346293002367019653e-02,5.311423540115356445e-02,7.160099595785140991e-02,3.468186557292938232e-01,1.000000000000000000e+00,5.564953014254570007e-02,6.652633100748062134e-02,7.115294784307479858e-02,5.476827919483184814e-02,4.183693602681159973e-02,4.214090481400489807e-02,5.419859290122985840e-02
7.771163433790206909e-02,8.280438184738159180e-02,1.177797988057136536e-01,4.296227991580963135e-01,1.000000000000000000e+00,1.137080937623977661e-01,9.739728271961212158e-02,8.866441249847412109e-02,7.378178834915161133e-02,5.960613861680030823e-02,5.568607896566390991e-02,6.715113669633865356e-02
1.149963960051536560e-01,1.372345536947250366e-01,1.832904517650604248e-01,5.661828517913818359e-01,1.000000000000000000e+00,1.949378103017807007e-01,1.515258699655532837e-01,1.319450289011001587e-01,1.072438284754753113e-01,1.061096489429473877e-01,9.339535236358642578e-02,1.103450059890747070e-01

Feature: chroma_cens
4.409143328666687012e-02,4.409143328666687012e-02,5.120404437184333801e-02,4.218149781227111816e-01,8.890583515167236328e-01,1.331766098737716675e-01,4.524495452642440796e-02,4.409143328666687012e-02,2.210744842886924744e-02,2.210744842886924744e-02,2.210744842886924744e-02,4.409143328666687012e-02
4.073258489370346069e-02,4.073258489370346069e-02,4.968320950865745544e-02,4.220145046710968018e-01,8.906589746475219727e-01,1.280230879783630371e-01,4.356610774993896484e-02,4.073258489370346069e-02,2.030926384031772614e-02,2.030926384031772614e-02,2.030926384031772614e-02,4.073258489370346069e-02
3.763308376073837280e-02,3.763308376073837280e-02,4.845872521400451660e-02,4.223016202449798584e-01,8.919792771339416504e-01,1.233104914426803589e-01,4.208621010184288025e-02,3.763308376073837280e-02,1.865788549184799194e-02,1.865788549184799194e-02,1.865788549184799194e-02,3.763308376073837280e-02
3.475375846028327942e-02,3.475375846028327942e-02,4.747943207621574402e-02,4.226609170436859131e-01,8.930706977844238281e-01,1.189708709716796875e-01,4.077278077602386475e-02,3.475375846028327942e-02,1.713084243237972260e-02,1.713084243237972260e-02,1.713084243237972260e-02,3.475375846028327942e-02
3.206039965152740479e-02,3.206039965152740479e-02,4.670697450637817383e-02,4.230825901031494141e-01,8.939725756645202637e-01,1.149464398622512817e-01,3.959989920258522034e-02,3.206039965152740479e-02,1.570879667997360229e-02,1.570879667997360229e-02,1.570879667997360229e-02,3.206039965152740479e-02
2.952345088124275208e-02,2.952345088124275208e-02,4.611296579241752625e-02,4.235609173774719238e-01,8.947147727012634277e-01,1.111884266138076782e-01,3.854700177907943726e-02,2.952345088124275208e-02,1.437524426728487015e-02,1.437524426728487015e-02,1.437524426728487015e-02,2.952345088124275208e-02
2.711744979023933411e-02,2.711744979023933411e-02,4.567690566182136536e-02,4.240933060646057129e-01,8.953198194503784180e-01,1.076557412743568420e-01,3.759792074561119080e-02,2.711744979023933411e-02,1.311614923179149628e-02,1.311614923179149628e-02,1.311614923179149628e-02,2.711744979023933411e-02
2.482054010033607483e-02,2.482054010033607483e-02,4.538476094603538513e-02,4.246798455715179443e-01,8.958044052124023438e-01,1.043140217661857605e-01,3.674015775322914124e-02,2.482054010033607483e-02,1.191961951553821564e-02,1.191961951553821564e-02,1.191961951553821564e-02,2.482054010033607483e-02
2.261399105191230774e-02,2.261399105191230774e-02,4.522798210382461548e-02,4.253228902816772461e-01,8.961803913116455078e-01,1.011347174644470215e-01,3.596436604857444763e-02,2.261399105191230774e-02,1.077561546117067337e-02,1.077561546117067337e-02,1.077561546117067337e-02,2.261399105191230774e-02
2.048185467720031738e-02,2.048185467720031738e-02,4.520298168063163757e-02,4.260268807411193848e-01,8.964557051658630371e-01,9.809441864490509033e-02,3.526401147246360779e-02,2.048185467720031738e-02,9.675745852291584015e-03,9.675745852291584015e-03,9.675745852291584015e-03,2.048185467720031738e-02
1.841073110699653625e-02,1.841073110699653625e-02,4.531087353825569153e-02,4.267987012863159180e-01,8.966346383094787598e-01,9.517456591129302979e-02,3.463523834943771362e-02,1.841073110699653625e-02,8.613149635493755341e-03,8.613149635493755341e-03,8.613149635493755341e-03,1.841073110699653625e-02
1.638972945511341095e-02,1.638972945511341095e-02,4.555763676762580872e-02,4.276474714279174805e-01,8.967180848121643066e-01,9.236139059066772461e-02,3.407688438892364502e-02,1.638972945511341095e-02,7.582461927086114883e-03,7.582461927086114883e-03,7.582461927086114883e-03,1.638972945511341095e-02
1.441061124205589294e-02,1.441061124205589294e-02,4.595451056957244873e-02,4.285853207111358643e-01,8.967036604881286621e-01,8.964627981185913086e-02,3.359071910381317139e-02,1.441061124205589294e-02,6.579918321222066879e-03,6.579918321222066879e-03,6.579918321222066879e-03,1.441061124205589294e-02
1.246822346001863480e-02,1.246822346001863480e-02,4.651887342333793640e-02,4.296277165412902832e-01,8.965854048728942871e-01,8.702658861875534058e-02,3.318190574645996094e-02,1.246822346001863480e-02,5.603608675301074982e-03,5.603608675301074982e-03,5.603608675301074982e-03,1.246822346001863480e-02
1.056132093071937561e-02,1.056132093071937561e-02,4.727553576231002808e-02,4.307942688465118408e-01,8.963531255722045898e-01,8.450723439455032349e-02,3.285979479551315308e-02,1.056132093071937561e-02,4.653962794691324234e-03,4.653962794691324234e-03,4.653962794691324234e-03,1.056132093071937561e-02
8.693984709680080414e-03,8.693984709680080414e-03,4.825865104794502258e-02,4.321099817752838135e-01,8.959919810295104980e-01,8.210317790508270264e-02,3.263911604881286621e-02,8.693984709680080414e-03,3.734552999958395958e-03,3.734552999958395958e-03,3.734552999958395958e-03,8.693984709680080414e-03
6.877916865050792694e-03,6.877916865050792694e-03,4.951447248458862305e-02,4.336066544055938721e-01,8.954808712005615234e-01,7.984349131584167480e-02,3.254184126853942871e-02,6.877916865050792694e-03,2.853404730558395386e-03,2.853404730558395386e-03,2.853404730558395386e-03,6.877916865050792694e-03

Feature: melspectrogram
9.376356124877929688e+00,9.177506446838378906e+00,1.076947212219238281e+01,1.085637474060058594e+01,1.082340621948242188e+01,1.002749156951904297e+01,1.085142230987548828e+01,1.011980056762695312e+01,1.069633388519287109e+01,1.309022426605224609e+01,2.521575546264648438e+01,8.758069610595703125e+01,4.630282592773437500e+01,4.283364295959472656e+00,4.086971759796142578e+00,2.090336799621582031e+00,2.937478303909301758e+00,3.182910203933715820e+00,2.868540048599243164e+00,2.490968465805053711e+00,2.724240779876708984e+00,2.370905637741088867e+00,2.372787237167358398e+00,1.459113001823425293e+00,1.982473373413085938e+00,2.107062578201293945e+00,1.735266208648681641e+00,1.564358830451965332e+00,1.025118947029113770e+00,8.404015898704528809e-01,7.672353982925415039e-01,5.371870994567871094e-01,4.238811731338500977e-01,4.114119410514831543e-01,3.096012175083160400e-01,3.392983675003051758e-01,1.417469739913940430e+00,7.157313823699951172e-01,1.217274665832519531e-01,1.179293021559715271e-01,9.434035420417785645e-02,1.941346935927867889e-02,1.465089246630668640e-02,1.881566084921360016e-02,2.445236407220363617e-02,1.762277819216251373e-02,2.095069885253906250e-01,6.703910231590270996e-01,2.236656844615936279e-01,1.410233676433563232e-01,1.143276095390319824e-01,9.775361418724060059e-02,5.639443174004554749e-02,5.095300450921058655e-02,6.204967945814132690e-02,4.973447695374488831e-02,6.916765123605728149e-02,3.631862252950668335e-02,2.134583704173564911e-02,1.337652746587991714e-02,9.413726627826690674e-03,1.406245864927768707e-02,6.894486956298351288e-03,6.058515980839729309e-03,6.923334673047065735e-03,3.318042261525988579e-03,5.880141630768775940e-03,5.709864944219589233e-02,1.690510958433151245e-01,9.843622893095016479e-02,5.117117986083030701e-02,1.019782945513725281e-02,1.376552041620016098e-02,1.737073622643947601e-02,1.932221837341785431e-02,6.509670056402683258e-03,7.711376994848251343e-03,1.505607552826404572e-02,2.831776998937129974e-02,2.631806023418903351e-02,1.139141321182250977e-01,1.378111690282821655e-01,1.060257256031036377e-01,4.304479807615280151e-02,4.217641800642013550e-02,4.227052628993988037e-02,1.173374522477388382e-02,1.792870834469795227e-02,9.484604001045227051e-02,3.087659738957881927e-02,3.793934592977166176e-03,7.237371988594532013e-03,4.550826735794544220e-03,4.390654154121875763e-03,4.771803040057420731e-03,3.612648230046033859e-03,5.349438171833753586e-03,5.921993870288133621e-03,2.417505159974098206e-02,8.958197385072708130e-02,8.327910676598548889e-03,1.085216738283634186e-02,7.645502686500549316e-03,1.200035447254776955e-03,1.795870834030210972e-03,2.718639094382524490e-03,2.289126394316554070e-03,1.909539569169282913e-03,2.184190321713685989e-03,6.921222666278481483e-04,5.239394376985728741e-04,6.558420136570930481e-04,7.220935076475143433e-04,1.443835324607789516e-03,8.231750107370316982e-04,1.116616767831146717e-03,4.541843372862786055e-04,2.534420927986502647e-04,1.527899585198611021e-04,1.514059258624911308e-04,3.291464818175882101e-04,1.190286362543702126e-03,1.297180191613733768e-03,1.901892363093793392e-03,3.497849218547344208e-03,9.451747173443436623e-04,6.373452488332986832e-04,3.725134592968970537e-05
2.671124696731567383e+00,2.346347093582153320e+00,3.189351797103881836e+00,3.267894268035888672e+00,3.183900594711303711e+00,2.762629508972167969e+00,3.281750917434692383e+00,2.745987653732299805e+00,3.085311174392700195e+00,4.065454959869384766e+00,9.890069007873535156e+00,4.765751647949218750e+02,4.241418762207031250e+02,1.147985744476318359e+01,2.391703128814697266e+00,1.110985875129699707e+00,1.025179624557495117e+00,9.011990427970886230e-01,8.651267290115356445e-01,6.213070750236511230e-01,8.702751994132995605e-01,6.525688171386718750e-01,7.532618641853332520e-01,8.087518811225891113e-01,3.489498376846313477e+00,1.226596355438232422e+00,5.180854797363281250e-01,5.051178336143493652e-01,2.632023394107818604e-01,2.205132544040679932e-01,2.446963042020797729e-01,1.463942527770996094e-01,1.108624562621116638e-01,1.384851485490798950e-01,8.079933375120162964e-02,1.682278513908386230e-01,1.556931734085083008e+00,1.493316054344177246e+00,1.743612587451934814e-01,6.511214375495910645e-02,5.677327513694763184e-02,3.662962466478347778e-02,1.649007387459278107e-02,1.618198305368423462e-02,4.441490396857261658e-02,1.053682249039411545e-02,2.312989681959152222e-01,9.706876277923583984e-01,3.831196129322052002e-01,6.263714283704757690e-02,4.287257418036460876e-02,3.758727759122848511e-02,2.076600305736064911e-02,1.571363396942615509e-02,2.296882122755050659e-02,1.652739942073822021e-02,2.411372773349285126e-02,1.244398020207881927e-02,9.345731697976589203e-03,4.568040370941162109e-03,5.148059688508510590e-03,8.490465581417083740e-03,1.451675221323966980e-02,3.811206668615341187e-02,1.177405938506126404e-02,4.096338525414466858e-03,7.949071004986763000e-03,8.130715787410736084e-02,2.367627024650573730e-01,7.839234173297882080e-02,3.078292496502399445e-02,1.036278437823057175e-02,8.298558183014392853e-03,2.580434642732143402e-02,2.634568698704242706e-02,6.425826810300350189e-03,1.221925392746925354e-02,4.590168595314025879e-02,1.157227456569671631e-01,7.010450959205627441e-02,1.111792773008346558e-01,3.159874379634857178e-01,2.080087214708328247e-01,3.825170919299125671e-02,3.930531442165374756e-02,7.724089175462722778e-02,5.394111573696136475e-02,4.659707099199295044e-02,2.205956429243087769e-01,6.798238307237625122e-02,1.478754542768001556e-02,9.251981973648071289e-03,6.539014168083667755e-03,7.245485670864582062e-03,9.303082711994647980e-03,1.221701875329017639e-02,1.487371232360601425e-02,1.642115041613578796e-02,3.676341474056243896e-02,1.234540492296218872e-01,1.761903986334800720e-02,1.657136529684066772e-02,2.073895372450351715e-02,2.785159740597009659e-03,1.702107139863073826e-03,1.393586979247629642e-03,1.256304560229182243e-03,9.930351516231894493e-04,1.150048570707440376e-03,8.921856642700731754e-04,6.638212362304329872e-04,6.847826298326253891e-04,5.391119630075991154e-04,9.481071028858423233e-04,6.127986707724630833e-04,6.956941215321421623e-04,5.186568014323711395e-04,3.938736917916685343e-04,2.050033799605444074e-04,3.030205552931874990e-04,5.253124982118606567e-04,3.583564423024654388e-03,3.493190743029117584e-03,3.711621975526213646e-03,6.845457479357719421e-03,1.221024431288242340e-03,4.362155741546303034e-04,2.668919114512391388e-05
1.941775530576705933e-02,1.189586427062749863e-02,8.914705365896224976e-02,1.714707911014556885e-01,8.500470221042633057e-02,5.306013301014900208e-02,9.784913063049316406e-02,4.754911735653877258e-02,2.731745131313800812e-02,1.775931864976882935e-01,4.785088598728179932e-01,9.892980957031250000e+02,1.598406494140625000e+03,4.448823165893554688e+01,5.656325817108154297e-01,7.327766418457031250e-01,8.328473567962646484e-02,2.766279131174087524e-02,2.857629768550395966e-02,6.335809081792831421e-02,4.975934699177742004e-02,3.265747427940368652e-02,4.504357650876045227e-02,2.806575298309326172e-01,4.021267890930175781e+00,1.595929026603698730e+00,2.378304861485958099e-02,4.537861794233322144e-02,1.889417879283428192e-02,1.153620705008506775e-02,2.777305990457534790e-02,1.539134420454502106e-02,2.327053435146808624e-02,2.708278037607669830e-02,3.860714612528681755e-03,7.333842664957046509e-02,5.013729929924011230e-01,2.751289129257202148e+00,2.949439883232116699e-01,1.828077808022499084e-02,1.572031714022159576e-02,4.189661517739295959e-02,2.078863047063350677e-02,1.034451369196176529e-02,2.874589338898658752e-02,3.571639070287346840e-03,1.014740020036697388e-01,6.628113389015197754e-01,8.940417766571044922e-01,5.885333567857742310e-02,1.099716220051050186e-02,5.992657504975795746e-03,4.652924835681915283e-03,5.161885637789964676e-03,2.147927647456526756e-03,2.503599738702178001e-03,6.404574029147624969e-03,2.208424033597111702e-03,1.972483936697244644e-03,7.483906229026615620e-04,2.338549122214317322e-03,3.057028166949748993e-03,1.506124343723058701e-02,7.960122823715209961e-02,1.568523608148097992e-02,5.800763610750436783e-03,5.296609830111265182e-03,4.899352416396141052e-02,1.752878129482269287e-01,8.846975862979888916e-02,9.876761585474014282e-03,8.863417431712150574e-03,5.131845828145742416e-03,2.722995355725288391e-02,3.430846333503723145e-02,4.589072894304990768e-03,7.273811846971511841e-03,4.627062007784843445e-02,4.321388304233551025e-01,2.479156851768493652e-01,6.664145737886428833e-02,3.206311464309692383e-01,1.991685777902603149e-01,3.191018849611282349e-02,2.434353902935981750e-02,1.495057344436645508e-01,1.658582538366317749e-01,5.227013677358627319e-02,1.696665287017822266e-01,1.150864586234092712e-01,2.746556699275970459e-02,9.137097746133804321e-03,9.953143075108528137e-03,7.578305900096893311e-03,1.490880362689495087e-02,2.519345656037330627e-02,1.248561870306730270e-02,1.201382093131542206e-02,1.604642719030380249e-02,4.301602020859718323e-02,4.459966346621513367e-02,1.480942778289318085e-02,2.747098170220851898e-02,8.115800097584724426e-03,1.153745106421411037e-03,7.149562588892877102e-04,9.858070407062768936e-04,5.291915731504559517e-04,3.398619592189788818e-04,7.944442913867533207e-04,5.917995003983378410e-04,3.883704193867743015e-04,2.825994451995939016e-04,4.237220564391463995e-04,3.396754618734121323e-04,4.099209909327328205e-04,2.291132841492071748e-04,2.781061921268701553e-04,2.264753566123545170e-04,4.123760445509105921e-04,6.457518902607262135e-04,2.992863999679684639e-03,6.252645980566740036e-03,6.192869041115045547e-03,5.511479452252388000e-03,2.802494913339614868e-03,6.241794908419251442e-04,1.918471389217302203e-05
1.184365060180425644e-02,5.168509110808372498e-02,1.504537314176559448e-01,1.221245676279067993e-01,4.682336747646331787e-02,2.850078046321868896e-02,5.790123715996742249e-02,3.158164396882057190e-02,1.497364882379770279e-02,8.912206441164016724e-02,1.530566334724426270e+00,9.726838378906250000e+02,2.036030273437500000e+03,2.502931976318359375e+01,5.159915685653686523e-01,4.656606912612915039e-01,1.841989755630493164e-01,4.456418380141258240e-02,3.159689158201217651e-02,5.195128172636032104e-02,4.991684854030609131e-02,7.294914126396179199e-02,1.707829236984252930e-01,1.980132162570953369e-01,1.715724468231201172e+00,8.940993547439575195e-01,2.312090620398521423e-02,7.247623056173324585e-02,4.856680706143379211e-02,2.283221296966075897e-02,2.433469332754611969e-02,1.840468123555183411e-02,4.132965207099914551e-02,3.295053169131278992e-02,1.180527918040752411e-02,5.675559118390083313e-02,4.477971196174621582e-01,3.503226995468139648e+00,6.911695003509521484e-01,1.227108854800462723e-02,1.178073137998580933e-02,9.209237061440944672e-03,1.170398294925689697e-02,1.117312069982290268e-02,1.977950707077980042e-02,9.512316435575485229e-03,4.341128468513488770e-02,3.458326458930969238e-01,9.795401692390441895e-01,6.927930563688278198e-02,5.348681472241878510e-03,9.029708802700042725e-03,4.151136614382266998e-03,5.874720867723226547e-03,4.227404482662677765e-03,1.573625253513455391e-03,1.341861858963966370e-02,3.049131017178297043e-03,6.424420862458646297e-04,1.867793384008109570e-03,1.432442571967840195e-03,1.737425569444894791e-03,1.085613109171390533e-02,1.278263330459594727e-01,3.299471363425254822e-02,6.769513245671987534e-03,3.148216288536787033e-03,1.494283601641654968e-02,5.782279372215270996e-02,1.248844936490058899e-01,1.354818046092987061e-02,2.644872991368174553e-03,3.036603331565856934e-03,1.327238138765096664e-02,5.568424984812736511e-02,5.592202767729759216e-03,7.106960751116275787e-03,4.517406225204467773e-02,1.014572381973266602e+00,6.712116003036499023e-01,7.266375422477722168e-02,1.050813943147659302e-01,1.401467025279998779e-01,6.633559614419937134e-02,3.346262127161026001e-02,1.482115983963012695e-01,3.909678161144256592e-01,3.760230168700218201e-02,5.917644873261451721e-02,3.132184743881225586e-01,8.339375257492065430e-02,7.409560028463602066e-03,1.519287191331386566e-02,7.860468700528144836e-03,1.069024764001369476e-02,6.743262708187103271e-02,1.110587734729051590e-02,1.099643483757972717e-02,1.919032074511051178e-02,3.294944763183593750e-02,7.391478121280670166e-02,2.759725414216518402e-02,3.072145022451877594e-02,1.563821546733379364e-02,1.067694392986595631e-03,6.284540286287665367e-04,7.314761751331388950e-04,5.668631056323647499e-04,4.680143902078270912e-04,6.536310538649559021e-04,5.403866525739431381e-04,2.463964628987014294e-04,2.111699141096323729e-04,3.785930748563259840e-04,3.529399400576949120e-04,4.203641437925398350e-04,3.272482717875391245e-04,3.540942270774394274e-04,2.808693679980933666e-04,3.473650431260466576e-04,1.432084478437900543e-03,3.419346408918499947e-03,8.747195824980735779e-03,1.127692777663469315e-02,5.669587291777133942e-03,2.823412418365478516e-03,7.419508765451610088e-04,2.755280729616060853e-05
6.710960529744625092e-03,5.364952981472015381e-02,2.164252251386642456e-01,1.887202262878417969e-01,2.303148992359638214e-02,2.686783298850059509e-02,1.257478594779968262e-01,1.050471439957618713e-01,3.509735316038131714e-02,1.482044160366058350e-01,2.651676177978515625e+00,6.024591064453125000e+02,1.717881103515625000e+03,3.451747131347656250e+01,7.042933106422424316e-01,2.016638517379760742e-01,5.259686708450317383e-02,2.311156876385211945e-02,2.459252066910266876e-02,3.229035437107086182e-02,3.685116022825241089e-02,6.050793081521987915e-02,1.438629329204559326e-01,3.151023089885711670e-01,5.393522381782531738e-01,3.536379635334014893e-01,1.168560795485973358e-02,2.769079431891441345e-02,2.540885843336582184e-02,3.697947412729263306e-02,1.598692312836647034e-02,2.888329699635505676e-02,8.275807648897171021e-02,5.172621831297874451e-02,2.047081477940082550e-02,2.184776030480861664e-02,5.545601248741149902e-01,3.946979999542236328e+00,6.273108720779418945e-01,6.638537626713514328e-03,6.406405009329319000e-03,1.833059638738632202e-02,1.821799203753471375e-02,1.439595688134431839e-02,1.568153500556945801e-02,1.247688569128513336e-02,2.254571765661239624e-02,1.821501702070236206e-01,1.432965755462646484e+00,8.402288705110549927e-02,5.539157893508672714e-03,1.249879039824008942e-02,1.231443136930465698e-02,4.828898236155509949e-03,3.877704031765460968e-03,2.997718984261155128e-03,1.082579046487808228e-02,5.965696182101964951e-03,1.131029333919286728e-03,2.159783151000738144e-03,3.467295784503221512e-03,5.348580889403820038e-03,8.044022135436534882e-03,2.094939351081848145e-01,4.442079365253448486e-02,3.672759979963302612e-03,1.522022066637873650e-03,5.748060066252946854e-03,5.087133869528770447e-02,6.790782511234283447e-02,7.429463323205709457e-03,2.640500664710998535e-03,1.964742317795753479e-03,3.790832823142409325e-03,6.640281528234481812e-02,8.597121573984622955e-03,1.024973019957542419e-02,2.568164095282554626e-02,1.291208267211914062e+00,8.790315985679626465e-01,5.402327328920364380e-02,9.313751757144927979e-02,8.734229952096939087e-02,4.186390712857246399e-02,4.127093404531478882e-02,1.016729250550270081e-01,4.245645105838775635e-01,2.430702932178974152e-02,4.380768164992332458e-02,4.739042222499847412e-01,1.547208875417709351e-01,5.593582522124052048e-03,1.353375054895877838e-02,5.188182462006807327e-03,5.108104087412357330e-03,6.991366297006607056e-02,9.542252868413925171e-03,1.655734516680240631e-02,3.122702240943908691e-02,2.699697762727737427e-02,1.475488096475601196e-01,4.007549956440925598e-02,5.116765201091766357e-02,2.342050336301326752e-02,9.356829104945063591e-04,4.253751831129193306e-04,3.459522558841854334e-04,5.511218332685530186e-04,3.711189783643931150e-04,5.123172304593026638e-04,5.558370612561702728e-04,4.108416324015706778e-04,2.834419719874858856e-04,4.542260430753231049e-04,3.736391954589635134e-04,3.442230809014290571e-04,4.868796386290341616e-04,4.942889208905398846e-04,2.469921309966593981e-04,3.811213537119328976e-04,1.689266879111528397e-03,5.566325969994068146e-03,1.193958427757024765e-02,1.628379151225090027e-02,7.147966884076595306e-03,2.352660754695534706e-03,6.524780765175819397e-04,3.106282383669167757e-05
2.333710528910160065e-02,1.759093999862670898e-02,3.132553994655609131e-01,3.882224559783935547e-01,4.122214391827583313e-02,6.741099804639816284e-02,3.147899210453033447e-01,1.512958705425262451e-01,9.591364115476608276e-02,1.135523989796638489e-01,1.109766244888305664e+00,6.435106811523437500e+02,1.480804687500000000e+03,9.128946304321289062e+00,1.853263527154922485e-01,9.022440761327743530e-02,4.713495075702667236e-02,5.061490088701248169e-02,4.352583736181259155e-02,1.222993806004524231e-02,3.057552315294742584e-02,1.021439433097839355e-01,1.166054680943489075e-01,1.530846208333969116e-01,3.974747657775878906e-01,2.122116088867187500e-01,9.792025201022624969e-03,1.053368300199508667e-02,7.683249190449714661e-03,3.427381813526153564e-02,4.756912961602210999e-02,4.126039147377014160e-02,9.773264825344085693e-02,5.711421743035316467e-02,3.051118738949298859e-02,1.208454463630914688e-02,1.901137083768844604e-01,3.286656618118286133e+00,6.551086902618408203e-01,5.700296256691217422e-03,1.739535294473171234e-02,4.097527638077735901e-02,1.970630139112472534e-02,6.816282868385314941e-03,7.915752008557319641e-03,5.478397943079471588e-03,2.389945462346076965e-02,3.007640838623046875e-01,1.741730213165283203e+00,6.191008538007736206e-02,5.517738871276378632e-03,7.006423547863960266e-03,9.380891919136047363e-03,3.665308700874447823e-03,3.815573174506425858e-03,4.785160534083843231e-03,1.542727276682853699e-02,8.748382329940795898e-03,6.475016940385103226e-03,2.447342267259955406e-03,4.022820852696895599e-03,9.725484065711498260e-03,1.343627460300922394e-02,1.295934915542602539e-01,2.749689668416976929e-02,3.152127610519528389e-03,2.072459319606423378e-03,7.582677062600851059e-03,2.798316068947315216e-02,5.731842294335365295e-02,7.116704713553190231e-03,5.119538400322198868e-03,4.379516467452049255e-03,6.872518453747034073e-03,7.402902096509933472e-02,9.674753993749618530e-03,1.228456757962703705e-02,1.995205134153366089e-02,6.201459169387817383e-01,4.125128388404846191e-01,2.969841100275516510e-02,8.444997668266296387e-02,1.011680439114570618e-01,3.541401401162147522e-02,2.667792700231075287e-02,4.376692697405815125e-02,1.835206747055053711e-01,3.071156144142150879e-02,6.121147423982620239e-02,3.895328342914581299e-01,1.132322698831558228e-01,3.651366801932454109e-03,1.348124817013740540e-02,6.222992204129695892e-03,2.505934797227382660e-03,3.083883970975875854e-02,5.798820406198501587e-03,2.137406915426254272e-02,3.683460503816604614e-02,2.377871237695217133e-02,1.960723102092742920e-01,3.010768815875053406e-02,5.285238474607467651e-02,2.371958643198013306e-02,5.455338396131992340e-04,6.583298672921955585e-04,4.517667985055595636e-04,5.449499585665762424e-04,5.291026318445801735e-04,1.052394043654203415e-03,1.138982479460537434e-03,7.005013176240026951e-04,5.507912719622254372e-04,7.128866855055093765e-04,1.306877238675951958e-03,8.180218283087015152e-04,1.240384066477417946e-03,7.740264409221708775e-04,6.726618739776313305e-04,1.200119964778423309e-03,1.729380805045366287e-03,5.353234242647886276e-03,1.136934477835893631e-02,1.450018677860498428e-02,7.869651541113853455e-03,2.012202516198158264e-03,1.130262506194412708e-03,4.418830212671309710e-05
4.568799957633018494e-02,1.593795605003833771e-02,1.513231545686721802e-01,4.233197271823883057e-01,1.110244914889335632e-01,1.109464019536972046e-01,3.825326561927795410e-01,1.157375499606132507e-01,8.842048794031143188e-02,6.961757689714431763e-02,6.232920289039611816e-01,8.501079711914062500e+02,1.671006591796875000e+03,9.521162033081054688e+00,1.990583539009094238e-01,2.479721009731292725e-01,6.805285066366195679e-02,7.065830379724502563e-02,6.748516857624053955e-02,2.262763865292072296e-02,1.703695394098758698e-02,5.631975829601287842e-02,1.143304407596588135e-01,2.248195707798004150e-01,1.421101570129394531e+00,4.893123507499694824e-01,6.646867841482162476e-03,9.242444299161434174e-03,1.371295377612113953e-02,5.409078299999237061e-02,1.284027993679046631e-01,7.793307304382324219e-02,5.585169419646263123e-02,2.363920770585536957e-02,2.050162293016910553e-02,2.456561475992202759e-02,5.890432596206665039e-01,4.584218978881835938e+00,4.690982699394226074e-01,4.929665941745042801e-03,1.794728077948093414e-02,8.334451913833618164e-02,2.607710100710391998e-02,1.183560397475957870e-02,9.148011915385723114e-03,2.486944198608398438e-03,9.369146078824996948e-03,2.865428626537322998e-01,1.345384359359741211e+00,3.192809969186782837e-02,1.265403721481561661e-02,5.982389207929372787e-03,5.368413869291543961e-03,2.565539442002773285e-03,2.290006726980209351e-03,4.683304578065872192e-03,1.310691330581903458e-02,5.832128692418336868e-03,3.216690383851528168e-03,2.387930639088153839e-03,5.766794085502624512e-03,9.646419435739517212e-03,1.120954938232898712e-02,1.279031634330749512e-01,1.735837012529373169e-02,5.652451887726783752e-03,2.635748125612735748e-03,1.076510827988386154e-02,2.146371640264987946e-02,2.352825365960597992e-02,8.063781075179576874e-03,5.243938881903886795e-03,4.684018902480602264e-03,1.947987265884876251e-02,1.057492569088935852e-01,7.609664462506771088e-03,5.068173166364431381e-03,2.713323011994361877e-02,4.358660578727722168e-01,1.867588162422180176e-01,1.574412174522876740e-02,5.747640877962112427e-02,2.748878300189971924e-01,7.637488842010498047e-02,1.671678200364112854e-02,6.655169278383255005e-02,2.759101688861846924e-01,2.950060553848743439e-02,4.667834937572479248e-02,3.327710330486297607e-01,4.809671640396118164e-02,2.287046518176794052e-03,1.013163663446903229e-02,3.329776693135499954e-03,1.900578616186976433e-03,1.157848630100488663e-02,3.841210156679153442e-03,1.588503830134868622e-02,2.065846882760524750e-02,1.638902910053730011e-02,8.555014431476593018e-02,9.551612660288810730e-03,3.686942532658576965e-02,1.812311075627803802e-02,5.022669793106615543e-04,7.331517408601939678e-04,6.006595795042812824e-04,1.031958381645381451e-03,9.050804655998945236e-04,1.267390907742083073e-03,9.756105719134211540e-04,7.431162521243095398e-04,8.743620128370821476e-04,8.107645553536713123e-04,1.488178037106990814e-03,1.179382321424782276e-03,1.736004836857318878e-03,8.351053111255168915e-04,7.856685551814734936e-04,1.620574155822396278e-03,1.881155651062726974e-03,3.504656022414565086e-03,5.657253321260213852e-03,7.887207902967929840e-03,5.560887977480888367e-03,1.391357393004000187e-03,1.109354197978973389e-03,2.959907578770071268e-05
2.398178167641162872e-02,4.571953788399696350e-03,9.227612614631652832e-02,2.867881357669830322e-01,1.229126676917076111e-01,1.378372758626937866e-01,3.496933281421661377e-01,1.002970337867736816e-01,9.435168653726577759e-02,1.709323972463607788e-01,7.638623118400573730e-01,1.006147888183593750e+03,1.828700683593750000e+03,4.708413124084472656e+00,1.789789348840713501e-01,2.378497719764709473e-01,4.070219770073890686e-02,7.561551779508590698e-02,1.223002374172210693e-01,3.524577617645263672e-02,1.300421077758073807e-02,2.401687577366828918e-02,1.134055182337760925e-01,3.587430119514465332e-01,3.095307111740112305e+00,1.106606006622314453e+00,7.200365886092185974e-03,1.006543450057506561e-02,2.218433097004890442e-02,5.997247248888015747e-02,5.604435130953788757e-02,3.331705555319786072e-02,4.773041605949401855e-02,1.305461954325437546e-02,1.454908773303031921e-02,3.169329091906547546e-02,5.042593479156494141e-01,3.959747791290283203e+00,4.333215355873107910e-01,4.580117296427488327e-03,7.939762435853481293e-03,3.474231809377670288e-02,2.206805720925331116e-02,9.299849160015583038e-03,9.397518821060657501e-03,3.694256301969289780e-03,7.748162373900413513e-03,2.893055677413940430e-01,1.156550168991088867e+00,1.782562956213951111e-02,1.669847778975963593e-02,4.139242228120565414e-03,3.789862152189016342e-03,2.500627189874649048e-03,1.262986101210117340e-03,4.403979051858186722e-03,5.827003624290227890e-03,3.266001353040337563e-03,1.072544488124549389e-03,1.026743208058178425e-03,3.334165783599019051e-03,6.093016825616359711e-03,9.496897459030151367e-03,1.941370368003845215e-01,2.371598966419696808e-02,5.042712204158306122e-03,2.643950516358017921e-03,7.158556021749973297e-03,1.524489372968673706e-02,1.262847427278757095e-02,6.140631623566150665e-03,5.430474411696195602e-03,2.128135645762085915e-03,1.785949803888797760e-02,6.646329909563064575e-02,6.245584227144718170e-03,3.917597234249114990e-03,1.954939030110836029e-02,4.826353788375854492e-01,2.037430703639984131e-01,8.331478573381900787e-03,2.083456516265869141e-02,2.833014428615570068e-01,7.956847548484802246e-02,1.048760302364826202e-02,8.758617192506790161e-02,5.237008929252624512e-01,1.416570320725440979e-02,1.525593362748622894e-02,3.178330659866333008e-01,5.049875751137733459e-02,2.186650643125176430e-03,9.410625323653221130e-03,3.162682056427001953e-03,2.263844944536685944e-03,9.533113799989223480e-03,1.756665762513875961e-03,1.437214668840169907e-02,1.725374907255172729e-02,6.440514232963323593e-03,1.743365265429019928e-02,2.537569031119346619e-03,1.513961609452962875e-02,7.437531836330890656e-03,5.287359817884862423e-04,4.770487721543759108e-04,4.447743413038551807e-04,6.510494858957827091e-04,6.666192202828824520e-04,4.886107053607702255e-04,4.983764956705272198e-04,4.266156465746462345e-04,6.063471082597970963e-04,3.147031238768249750e-04,2.872318436857312918e-04,4.644461441785097122e-04,4.034533048979938030e-04,2.961818245239555836e-04,2.309057454112917185e-04,6.480209995061159134e-04,1.125285052694380283e-03,4.284439142793416977e-03,4.053815733641386032e-03,5.099304951727390289e-03,3.830653615295886993e-03,6.298480438999831676e-04,5.334208835847675800e-04,2.601215601316653192e-05
3.631432726979255676e-02,1.741971448063850403e-02,9.951785951852798462e-02,2.417846322059631348e-01,8.702643215656280518e-02,1.552996337413787842e-01,5.578914284706115723e-01,3.823039829730987549e-01,9.044626355171203613e-02,1.783758103847503662e-01,3.539645671844482422e-01,1.147873413085937500e+03,1.916375244140625000e+03,5.836229801177978516e+00,9.970601648092269897e-02,6.303351372480392456e-02,2.619993500411510468e-02,2.491063997149467468e-02,3.172995895147323608e-02,2.139345929026603699e-02,2.111691795289516449e-02,6.706980615854263306e-02,5.669004842638969421e-02,1.825393885374069214e-01,3.228231191635131836e+00,1.163130164146423340e+00,1.437384914606809616e-02,1.879925094544887543e-02,2.554991096258163452e-02,4.869470000267028809e-02,7.682611793279647827e-02,2.938886731863021851e-02,7.200472801923751831e-02,1.067182049155235291e-02,1.207569614052772522e-02,1.543054357171058655e-02,3.414618372917175293e-01,2.009927511215209961e+00,2.068255543708801270e-01,6.059101317077875137e-03,1.510798092931509018e-02,2.163743786513805389e-02,2.625970542430877686e-02,5.169367883354425430e-03,8.303198963403701782e-03,5.124075338244438171e-03,8.972233161330223083e-03,6.197568774223327637e-01,1.378907084465026855e+00,1.293163187801837921e-02,8.397427387535572052e-03,3.426060080528259277e-03,4.535619169473648071e-03,3.433111589401960373e-03,2.037937752902507782e-03,3.455317346379160881e-03,2.113891579210758209e-02,4.993496462702751160e-03,8.525525336153805256e-04,1.039115479215979576e-03,3.520017955452203751e-03,2.577011939138174057e-03,1.109246723353862762e-02,1.536860018968582153e-01,1.720670796930789948e-02,2.482653595507144928e-03,1.539036165922880173e-03,4.946483764797449112e-03,8.645750582218170166e-03,1.233042683452367783e-02,1.699960441328585148e-03,2.195748966187238693e-03,7.044964586384594440e-04,1.418265141546726227e-02,5.758983641862869263e-02,3.384758718311786652e-03,9.446201846003532410e-03,7.417304441332817078e-03,7.664868831634521484e-01,2.332447022199630737e-01,1.876197010278701782e-02,2.020969428122043610e-02,4.476789832115173340e-01,1.475998163223266602e-01,1.052961312234401703e-02,1.058878153562545776e-01,3.450751900672912598e-01,3.251578286290168762e-02,1.784446835517883301e-02,2.578126490116119385e-01,3.246510401368141174e-02,4.056919366121292114e-03,3.319421038031578064e-02,4.122938960790634155e-03,1.907256781123578548e-03,6.836109794676303864e-03,9.859175188466906548e-04,4.098910465836524963e-02,2.647138573229312897e-02,6.817060057073831558e-03,2.094182372093200684e-02,2.218121429905295372e-03,2.419267222285270691e-02,6.798479240387678146e-03,5.573878297582268715e-04,3.469835792202502489e-04,4.705030296463519335e-04,3.756223595701158047e-04,3.629093698691576719e-04,4.602964618243277073e-04,5.042771808803081512e-04,3.418171254452317953e-04,3.434398968238383532e-04,1.350939273834228516e-04,1.607028389116749167e-04,3.061511379200965166e-04,1.641007693251594901e-04,1.841392659116536379e-04,1.867840910563245416e-04,2.695689327083528042e-04,1.003923243843019009e-03,3.528946312144398689e-03,3.492874791845679283e-03,4.213151987642049789e-03,3.330117324367165565e-03,6.155798910185694695e-04,3.136726445518434048e-04,1.931510269059799612e-05
4.833738505840301514e-02,5.041875690221786499e-02,9.110867977142333984e-02,1.592859625816345215e-01,4.089450091123580933e-02,6.596837937831878662e-02,6.697329878807067871e-01,4.313429892063140869e-01,3.892710432410240173e-02,1.033143699169158936e-01,3.426828384399414062e-01,1.088484130859375000e+03,1.683648193359375000e+03,2.949858903884887695e+00,7.695546746253967285e-02,7.789082825183868408e-02,3.904893994331359863e-02,4.104945063591003418e-02,1.437983289361000061e-02,1.547477021813392639e-02,2.033451572060585022e-02,7.941573113203048706e-02,1.146734133362770081e-01,1.491206735372543335e-01,5.481623649597167969e+00,1.583900213241577148e+00,1.761485449969768524e-02,4.875409975647926331e-02,2.741616219282150269e-02,4.424014315009117126e-02,9.739127755165100098e-02,6.174195557832717896e-02,9.691687673330307007e-02,1.434225495904684067e-02,5.178760364651679993e-02,1.498404983431100845e-02,4.424893260002136230e-01,8.038292527198791504e-01,2.249473147094249725e-02,2.262883819639682770e-03,1.599461957812309265e-02,1.581321284174919128e-02,1.640828885138034821e-02,5.576435942202806473e-03,1.240436267107725143e-02,9.577848017215728760e-03,9.811673313379287720e-03,6.694399118423461914e-01,1.449359774589538574e+00,1.543948426842689514e-02,3.059438429772853851e-03,5.623905919492244720e-03,7.961339317262172699e-03,7.528681308031082153e-03,1.803860184736549854e-03,2.591903321444988251e-03,2.192399650812149048e-02,6.009307689964771271e-03,6.655486766248941422e-03,1.947216340340673923e-03,4.513696767389774323e-03,1.848081243224442005e-03,1.360347308218479156e-02,5.787694826722145081e-02,8.532740175724029541e-03,2.090979600325226784e-03,3.372986335307359695e-03,7.877680473029613495e-03,1.976977288722991943e-02,1.159777212888002396e-02,9.534456767141819000e-04,1.793686999008059502e-03,1.964684110134840012e-03,3.020953387022018433e-02,8.525266498327255249e-02,2.634942065924406052e-03,6.811870262026786804e-03,5.767114926129579544e-03,6.018570065498352051e-01,1.323035806417465210e-01,2.872791700065135956e-02,3.186872601509094238e-02,7.793151140213012695e-01,2.025789171457290649e-01,1.233460288494825363e-02,8.254616707563400269e-02,1.801761239767074585e-01,4.024355858564376831e-02,3.815814480185508728e-02,2.034694850444793701e-01,1.107876375317573547e-02,1.174304727464914322e-02,6.315718591213226318e-02,2.054199576377868652e-03,2.277083694934844971e-03,4.359277896583080292e-03,4.856371961068361998e-04,8.031383901834487915e-02,3.692783787846565247e-02,1.237636618316173553e-02,2.989516779780387878e-02,3.985620103776454926e-03,2.494408749043941498e-02,4.708767868578433990e-03,3.781964769586920738e-04,2.752743894234299660e-04,4.290660435799509287e-04,2.699242613743990660e-04,2.797569322865456343e-04,2.143508172594010830e-04,2.844377886503934860e-04,1.802636397769674659e-04,1.340645394520834088e-04,1.573088957229629159e-04,1.180118488264270127e-04,2.066595625365152955e-04,1.309399085585027933e-04,1.009525949484668672e-04,1.321837626164779067e-04,2.194804110331460834e-04,1.317161018960177898e-03,4.015447571873664856e-03,3.567487001419067383e-03,3.014436224475502968e-03,2.015039091929793358e-03,6.946201319806277752e-04,4.896321916021406651e-04,1.267237166757695377e-05
9.599944949150085449e-02,8.325966447591781616e-02,9.976904839277267456e-02,1.436700671911239624e-01,3.988775238394737244e-02,5.446268618106842041e-02,9.274063110351562500e-01,4.912318587303161621e-01,4.137073457241058350e-02,1.063198447227478027e-01,6.243171691894531250e-01,8.876450805664062500e+02,1.322593017578125000e+03,2.252252340316772461e+00,6.021520495414733887e-02,1.192899346351623535e-01,2.742786705493927002e-02,5.928321927785873413e-02,5.278600379824638367e-02,3.316952288150787354e-02,2.228132635354995728e-02,3.985794633626937866e-02,7.356388866901397705e-02,2.516160607337951660e-01,9.038339614868164062e+00,2.389486551284790039e+00,1.219978835433721542e-02,2.688594162464141846e-02,2.110339514911174774e-02,3.520826995372772217e-02,2.682475931942462921e-02,1.835306733846664429e-02,6.681226938962936401e-02,2.103162743151187897e-02,3.835447877645492554e-02,2.705827541649341583e-02,4.516609013080596924e-01,1.085499882698059082e+00,3.838656097650527954e-02,3.920018207281827927e-03,8.616348728537559509e-03,1.371165737509727478e-02,3.107202006503939629e-03,4.465176723897457123e-03,1.909668371081352234e-02,7.400776725262403488e-03,7.009439636021852493e-03,4.173756539821624756e-01,1.000470161437988281e+00,1.050552539527416229e-02,2.678001532331109047e-03,6.407529581338167191e-03,9.494541212916374207e-03,9.530644863843917847e-03,2.519876230508089066e-03,2.872029319405555725e-03,1.156455557793378830e-02,3.188132774084806442e-03,7.473729085177183151e-03,2.028194721788167953e-03,4.253210499882698059e-03,2.819104352965950966e-03,1.581244915723800659e-02,5.910034850239753723e-02,3.498145379126071930e-03,1.026039826683700085e-03,2.713999012485146523e-03,4.479507915675640106e-03,9.984733536839485168e-03,1.138432789593935013e-02,2.196283545345067978e-03,2.242124872282147408e-03,2.901382511481642723e-03,4.385326430201530457e-02,1.159386783838272095e-01,2.702465048059821129e-03,3.594402922317385674e-03,7.604791782796382904e-03,3.534960746765136719e-01,6.288530677556991577e-02,3.265883773565292358e-02,6.738471984863281250e-02,7.789173722267150879e-01,1.082676574587821960e-01,1.177131664007902145e-02,1.099386364221572876e-01,1.440774202346801758e-01,3.555826842784881592e-02,1.203169301152229309e-01,4.322589337825775146e-01,1.287970785051584244e-02,1.392121054232120514e-02,5.056486278772354126e-02,2.712787128984928131e-03,4.299747291952371597e-03,6.400652229785919189e-03,5.530932103283703327e-04,3.909087553620338440e-02,1.714056171476840973e-02,7.047413289546966553e-02,1.141432374715805054e-01,9.024564176797866821e-03,2.527378685772418976e-02,4.173023160547018051e-03,4.057611804455518723e-04,2.991316723637282848e-04,3.164605586789548397e-04,2.255864383187144995e-04,2.610285300761461258e-04,1.953635946847498417e-04,2.624867483973503113e-04,1.433207944501191378e-04,1.060384020092897117e-04,2.106074825860559940e-04,1.280599681194871664e-04,1.128398871514946222e-04,4.816463115275837481e-05,7.079896749928593636e-05,7.238291436806321144e-05,1.567228900967165828e-04,1.687680371105670929e-03,3.609329229220747948e-03,3.774612676352262497e-03,4.014330916106700897e-03,1.685875700786709785e-03,7.795117562636733055e-04,7.262161234393715858e-04,2.328383197891525924e-05
8.994801342487335205e-02,1.167091652750968933e-01,1.166055053472518921e-01,9.089082479476928711e-02,2.137413062155246735e-02,6.545878201723098755e-02,4.341628849506378174e-01,2.396514862775802612e-01,6.235098838806152344e-02,2.197000980377197266e-01,5.531674623489379883e-01,8.285288696289062500e+02,1.170314086914062500e+03,7.609067559242248535e-01,4.320254176855087280e-02,6.787542253732681274e-02,8.305328898131847382e-03,3.072361648082733154e-02,2.907729893922805786e-02,1.635101623833179474e-02,6.361775565892457962e-03,6.440543569624423981e-03,2.634295262396335602e-02,6.799131631851196289e-01,1.314109992980957031e+01,2.751089096069335938e+00,3.534084931015968323e-02,2.514423429965972900e-02,4.787714686244726181e-03,4.929105937480926514e-02,2.073155343532562256e-02,4.085255321115255356e-03,3.359848260879516602e-02,2.004905417561531067e-02,3.292278945446014404e-02,1.846263743937015533e-02,5.972317457199096680e-01,1.801905035972595215e+00,4.983005672693252563e-02,1.389382127672433853e-02,9.164629504084587097e-03,2.102288417518138885e-02,4.077170509845018387e-03,4.261882510036230087e-03,3.239884227514266968e-02,8.780641481280326843e-03,1.413415186107158661e-02,3.084991872310638428e-01,5.640826821327209473e-01,7.881624624133110046e-03,3.252498339861631393e-03,5.455103702843189240e-03,4.641594830900430679e-03,5.355513654649257660e-03,3.040231298655271530e-03,2.856282982975244522e-03,8.847111836075782776e-03,2.582812448963522911e-03,3.006862476468086243e-03,2.160424599424004555e-03,4.565584007650613785e-03,2.431933768093585968e-03,6.692660041153430939e-03,3.418152034282684326e-02,3.218313679099082947e-03,3.698486601933836937e-03,3.658694215118885040e-03,1.171592273749411106e-03,1.389356981962919235e-02,2.174721471965312958e-02,3.680208465084433556e-03,2.186238998547196388e-03,3.270001383498311043e-03,4.491871967911720276e-02,1.017540320754051208e-01,2.302198670804500580e-03,5.495927762240171432e-03,2.216579020023345947e-02,4.014762043952941895e-01,9.917344152927398682e-02,5.271745100617408752e-02,7.298897951841354370e-02,3.724197447299957275e-01,4.126738384366035461e-02,2.377777919173240662e-02,2.380117028951644897e-01,2.339153736829757690e-01,5.542065948247909546e-02,1.394956260919570923e-01,3.773922920227050781e-01,1.332086883485317230e-02,1.282994076609611511e-02,4.608879238367080688e-02,3.788878675550222397e-03,7.633578032255172729e-03,1.278447546064853668e-02,9.217115584760904312e-04,6.244269665330648422e-03,1.343191601336002350e-02,1.280099898576736450e-01,1.758259981870651245e-01,1.039169635623693466e-02,3.809437155723571777e-02,3.415161743760108948e-03,5.075024673715233803e-04,3.168327966704964638e-04,2.253163693239912391e-04,1.824966311687603593e-04,2.632041578181087971e-04,2.279901818837970495e-04,2.638232544995844364e-04,7.225260196719318628e-05,9.409395715920254588e-05,1.556001952849328518e-04,1.245212188223376870e-04,1.136247155955061316e-04,7.268170884344726801e-05,9.699681686470285058e-05,5.641614916385151446e-05,1.185884102596901357e-04,7.968621794134378433e-04,2.176536945626139641e-03,4.416241310536861420e-03,4.332251846790313721e-03,3.137535881251096725e-03,8.336703176610171795e-04,1.052281120792031288e-03,4.237548273522406816e-05
2.964594960212707520e-02,4.206649214029312134e-02,1.751607060432434082e-01,1.709448993206024170e-01,4.752450808882713318e-02,9.824065864086151123e-02,2.841803431510925293e-01,8.384460955858230591e-02,6.871246546506881714e-02,2.919687628746032715e-01,1.943508982658386230e-01,8.877500000000000000e+02,1.188716918945312500e+03,5.376506447792053223e-01,1.606211811304092407e-02,4.930172115564346313e-02,1.705756783485412598e-02,1.414435077458620071e-02,9.971566498279571533e-03,5.176492035388946533e-03,5.044254940003156662e-03,6.267119664698839188e-03,4.254732653498649597e-02,7.270805239677429199e-01,1.301078414916992188e+01,2.235456228256225586e+00,2.756316587328910828e-02,9.048074483871459961e-03,1.456605270504951477e-03,2.694622427225112915e-02,2.863492444157600403e-02,7.243194617331027985e-03,1.577407494187355042e-02,1.625877991318702698e-02,2.728113532066345215e-02,1.453119516372680664e-02,4.776555597782135010e-01,1.336795449256896973e+00,1.978548616170883179e-02,3.026941604912281036e-02,9.802465327084064484e-03,1.831150986254215240e-02,1.238287054002285004e-02,1.216100063174962997e-02,2.395789697766304016e-02,9.601660072803497314e-03,1.184614840894937515e-02,3.349237442016601562e-01,3.342364430427551270e-01,1.289338711649179459e-02,5.319587420672178268e-03,3.978245891630649567e-03,4.963147919625043869e-03,6.004457361996173859e-03,3.031703177839517593e-03,8.272337727248668671e-03,7.560556288808584213e-03,1.899595954455435276e-03,1.674821716733276844e-03,1.890826155431568623e-03,1.727422000840306282e-03,9.652113658376038074e-04,2.883147448301315308e-03,2.721079811453819275e-02,4.584277048707008362e-03,2.482889452949166298e-03,3.034498775377869606e-03,1.239759847521781921e-03,3.750100359320640564e-02,3.835075348615646362e-02,3.270719433203339577e-03,2.209520200267434120e-03,3.885657992213964462e-03,5.008030682802200317e-02,7.358117401599884033e-02,1.685600844211876392e-03,1.180665101855993271e-02,4.711831733584403992e-02,3.513939380645751953e-01,7.745288312435150146e-02,5.069927871227264404e-02,6.420462578535079956e-02,3.305333256721496582e-01,3.330551832914352417e-02,6.058805808424949646e-02,3.644880652427673340e-01,3.589747846126556396e-01,6.690689176321029663e-02,6.630539894104003906e-02,1.892547458410263062e-01,1.568509079515933990e-02,2.259467169642448425e-02,7.068736851215362549e-02,5.261118523776531219e-03,5.629200953990221024e-03,8.128887042403221130e-03,1.104268128983676434e-03,1.088865194469690323e-02,1.566390693187713623e-02,4.671395570039749146e-02,6.305651366710662842e-02,1.206123735755681992e-02,3.562029451131820679e-02,1.867454149760305882e-03,6.938258302398025990e-04,2.357471239520236850e-04,1.386493677273392677e-04,1.681229041423648596e-04,1.694136008154600859e-04,2.414606715319678187e-04,1.844783691922202706e-04,8.123630686895921826e-05,1.357257715426385403e-04,1.290839863941073418e-04,1.521666272310540080e-04,1.604927965672686696e-04,2.756628673523664474e-04,3.321379772387444973e-04,8.261899347417056561e-05,1.744807232171297073e-04,3.517743898555636406e-04,1.401156885549426079e-03,2.869710093364119530e-03,3.260952886193990707e-03,3.955443389713764191e-03,1.484116772189736366e-03,1.014962675981223583e-03,4.631386036635376513e-05
2.292332611978054047e-02,9.551795199513435364e-03,1.998070031404495239e-01,3.432315289974212646e-01,1.018105372786521912e-01,1.148727908730506897e-01,3.353745639324188232e-01,1.864583492279052734e-01,6.853538006544113159e-02,2.285522669553756714e-01,1.800946593284606934e-01,8.858798828125000000e+02,1.174729125976562500e+03,8.285109400749206543e-01,6.435725092887878418e-02,6.444776058197021484e-02,1.549514662474393845e-02,3.308397158980369568e-02,3.147998452186584473e-02,7.121484261006116867e-03,1.249719411134719849e-02,1.922700554132461548e-02,1.695100367069244385e-01,6.342667341232299805e-01,1.209827518463134766e+01,2.113175392150878906e+00,1.047067623585462570e-02,5.780811887234449387e-03,7.231867872178554535e-03,1.021823845803737640e-02,7.180682849138975143e-03,6.937738507986068726e-03,1.640707626938819885e-02,9.370452724397182465e-03,7.623298093676567078e-03,2.072173357009887695e-02,2.431643158197402954e-01,6.950702667236328125e-01,8.672107011079788208e-03,3.213413059711456299e-02,1.804201677441596985e-02,2.626476995646953583e-02,1.212229765951633453e-02,1.586950197815895081e-02,9.028423577547073364e-03,1.188747584819793701e-02,1.106201857328414917e-02,4.265338778495788574e-01,5.461072921752929688e-01,1.066824141889810562e-02,1.123336795717477798e-02,1.130137499421834946e-02,1.055849716067314148e-02,8.217684924602508545e-03,2.861963352188467979e-03,6.370244547724723816e-03,7.305829785764217377e-03,6.731062196195125580e-03,2.896534977480769157e-03,1.568656880408525467e-03,5.343620432540774345e-04,9.652203880250453949e-04,6.437194067984819412e-03,2.102101221680641174e-02,3.959153313189744949e-03,1.450355397537350655e-03,1.361933420412242413e-03,1.911031780764460564e-03,5.686454474925994873e-02,5.414008349180221558e-02,4.677488934248685837e-03,4.098905250430107117e-03,2.704575425013899803e-03,7.174741476774215698e-02,8.583871275186538696e-02,2.367055043578147888e-03,1.031579915434122086e-02,8.459360152482986450e-02,4.701547324657440186e-01,2.841081283986568451e-02,4.885680973529815674e-02,1.124521568417549133e-01,3.261127769947052002e-01,6.246590241789817810e-02,5.862683802843093872e-02,2.324148565530776978e-01,2.015328258275985718e-01,3.451225534081459045e-02,6.482771784067153931e-02,1.891066730022430420e-01,2.011638320982456207e-02,2.629860490560531616e-02,8.767408877611160278e-02,5.582757294178009033e-03,7.538766600191593170e-03,9.687767364084720612e-03,2.005619462579488754e-03,1.402527280151844025e-02,9.848684072494506836e-03,5.213985592126846313e-02,8.299997448921203613e-02,2.004812099039554596e-02,2.174265682697296143e-02,1.279136165976524353e-03,5.742539069615304470e-04,2.258365566376596689e-04,2.295560552738606930e-04,1.490125141572207212e-04,1.524149847682565451e-04,2.671628026291728020e-04,1.802480546757578850e-04,1.482091029174625874e-04,1.304303295910358429e-04,1.504558604210615158e-04,1.109714794438332319e-04,1.694221573416143656e-04,5.215117125771939754e-04,4.375707358121871948e-04,1.310505613218992949e-04,3.295234637334942818e-04,5.261849728412926197e-04,1.685227151028811932e-03,3.151460783556103706e-03,1.775314914993941784e-03,2.812891965731978416e-03,2.094616647809743881e-03,1.307105878368020058e-03,9.375330409966409206e-05
2.191470004618167877e-02,1.919478178024291992e-02,2.104406207799911499e-01,5.190146565437316895e-01,8.735565096139907837e-02,6.280720233917236328e-02,7.881902903318405151e-02,1.705549657344818115e-01,8.482655882835388184e-02,1.664783656597137451e-01,3.764489293098449707e-01,8.245457763671875000e+02,1.111004150390625000e+03,3.691664934158325195e-01,7.555671036243438721e-02,6.535333395004272461e-02,3.959871828556060791e-03,1.215092185884714127e-02,4.943685606122016907e-02,1.632129773497581482e-02,1.716659404337406158e-02,6.961498409509658813e-02,3.882314264774322510e-01,6.899579167366027832e-01,1.369652462005615234e+01,2.633089065551757812e+00,9.270540438592433929e-03,1.009111199527978897e-02,9.445810690522193909e-03,1.913365349173545837e-02,1.230873726308345795e-02,5.697217769920825958e-03,1.756801456212997437e-02,5.858201067894697189e-03,1.717155240476131439e-02,1.221249718219041824e-02,1.636768728494644165e-01,5.372768044471740723e-01,7.375291083008050919e-03,1.491179596632719040e-02,1.964846812188625336e-02,3.426406159996986389e-02,8.681563660502433777e-03,1.108260266482830048e-02,7.371268700808286667e-03,1.083444524556398392e-02,1.669150963425636292e-02,2.872132062911987305e-01,3.479164838790893555e-01,1.096797827631235123e-02,8.120731450617313385e-03,8.320074528455734253e-03,1.059840433299541473e-02,1.575202681124210358e-02,8.222723379731178284e-03,5.486065987497568130e-03,5.913445260375738144e-03,1.145911868661642075e-02,7.878042757511138916e-03,2.439304953441023827e-03,1.251220004633069038e-03,1.455437391996383667e-03,1.251903362572193146e-02,4.683791846036911011e-02,3.461420070379972458e-03,2.886892762035131454e-03,4.252505023032426834e-03,4.055752418935298920e-03,4.463761299848556519e-02,3.885070979595184326e-02,3.054527100175619125e-03,4.866591189056634903e-03,2.653683768585324287e-03,8.154261857271194458e-02,1.083701550960540771e-01,2.974512754008173943e-03,7.446408737450838089e-03,7.486473768949508667e-02,4.602286815643310547e-01,2.448598667979240417e-02,5.934327468276023865e-02,1.337172985076904297e-01,4.145119488239288330e-01,1.099099144339561462e-01,2.975055761635303497e-02,1.715420633554458618e-01,1.717934906482696533e-01,4.379728063941001892e-02,9.727732092142105103e-02,3.089066147804260254e-01,2.786740101873874664e-02,2.302888408303260803e-02,8.830043673515319824e-02,3.047118894755840302e-03,1.109267119318246841e-02,1.498791202902793884e-02,3.225588472560048103e-03,2.028272300958633423e-02,1.097207888960838318e-02,1.121470481157302856e-01,1.975874155759811401e-01,1.745101064443588257e-02,3.059079498052597046e-02,3.095155581831932068e-03,5.411171587184071541e-04,3.500259772408753633e-04,2.013152989093214273e-04,1.952544989762827754e-04,2.014940546359866858e-04,2.152422239305451512e-04,1.771354291122406721e-04,2.136756229447200894e-04,1.669476623646914959e-04,1.937038468895480037e-04,1.723515742924064398e-04,2.109250926878303289e-04,2.548048796597868204e-04,1.930755533976480365e-04,1.646370219532400370e-04,1.843300706241279840e-04,9.937973227351903915e-04,2.405769424512982368e-03,2.965084975585341454e-03,2.538646105676889420e-03,1.922464463859796524e-03,2.002307213842868805e-03,1.730734016746282578e-03,1.114278420573100448e-04
1.983525417745113373e-02,6.780740618705749512e-02,2.421580553054809570e-01,5.130106210708618164e-01,1.244710460305213928e-01,4.830949380993843079e-02,1.139440014958381653e-01,2.083756476640701294e-01,1.324069052934646606e-01,2.383804917335510254e-01,4.483621120452880859e-01,7.838715209960937500e+02,1.065943115234375000e+03,9.798029661178588867e-01,2.556177973747253418e-01,1.165396720170974731e-01,4.723650962114334106e-02,2.668647468090057373e-02,6.494499742984771729e-02,4.513045400381088257e-02,3.338741138577461243e-02,8.554724603891372681e-02,4.401519894599914551e-01,6.817920207977294922e-01,1.357733631134033203e+01,3.150290012359619141e+00,8.734744042158126831e-03,3.082285076379776001e-02,1.203056238591670990e-02,1.474363543093204498e-02,8.035711012780666351e-03,1.475475030019879341e-03,8.222904987633228302e-03,1.764794252812862396e-02,1.281605008989572525e-02,1.191647257655858994e-02,1.852679103612899780e-01,6.639834046363830566e-01,1.414908375591039658e-02,2.390695177018642426e-02,2.020536176860332489e-02,3.785927221179008484e-02,1.193284895271062851e-02,5.834654439240694046e-03,2.308435738086700439e-02,2.361026406288146973e-02,1.498243119567632675e-02,2.499432265758514404e-01,1.418130248785018921e-01,1.362436357885599136e-02,1.047885138541460037e-02,4.424308426678180695e-03,1.514253579080104828e-02,2.069189399480819702e-02,7.159837987273931503e-03,6.823347415775060654e-03,1.555930357426404953e-02,8.033555932343006134e-03,3.970164339989423752e-03,1.955430023372173309e-03,1.556483330205082893e-03,2.737999428063631058e-03,1.247058901935815811e-02,5.340053886175155640e-02,2.805692842230200768e-03,3.834399394690990448e-03,6.090647540986537933e-03,6.719123572111129761e-03,6.690684705972671509e-02,7.696393877267837524e-02,3.609601641073822975e-03,3.625591518357396126e-03,3.200556151568889618e-03,1.088483557105064392e-01,1.597757190465927124e-01,5.736029241234064102e-03,1.203093957155942917e-02,3.909484297037124634e-02,1.450232863426208496e-01,2.938295155763626099e-02,4.957394301891326904e-02,5.932599306106567383e-02,2.510909140110015869e-01,1.155233681201934814e-01,2.299065329134464264e-02,1.555909812450408936e-01,1.916519552469253540e-01,3.669574484229087830e-02,1.213881224393844604e-01,3.368716835975646973e-01,2.420183457434177399e-02,1.270404178649187088e-02,5.038380622863769531e-02,2.704006852582097054e-03,6.924100685864686966e-03,1.136695779860019684e-02,3.557485993951559067e-03,2.471195720136165619e-02,1.706959120929241180e-02,1.406695246696472168e-01,2.390748262405395508e-01,1.553366892039775848e-02,6.469383090734481812e-02,5.365096498280763626e-03,6.577064632438123226e-04,6.187130929902195930e-04,2.823826798703521490e-04,4.021028871648013592e-04,3.858887648675590754e-04,3.452409291639924049e-04,2.736821770668029785e-04,3.879863070324063301e-04,3.676732303574681282e-04,3.457165148574858904e-04,3.935479326173663139e-04,3.806546446867287159e-04,2.490050101187080145e-04,2.798260538838803768e-04,1.598914095666259527e-04,2.460563846398144960e-04,1.039727358147501945e-03,1.768241636455059052e-03,4.388564731925725937e-03,3.735513193532824516e-03,2.072743372991681099e-03,2.028549555689096451e-03,1.495893578976392746e-03,1.088803765014745295e-04
7.027341127395629883e-01,9.882433414459228516e-01,8.561280965805053711e-01,1.055646419525146484e+00,1.651743412017822266e+00,1.081155300140380859e+00,1.937743544578552246e+00,3.530010223388671875e+00,3.471228361129760742e+00,6.109278678894042969e+00,1.780063056945800781e+01,5.920518798828125000e+02,7.605591430664062500e+02,2.858422088623046875e+01,7.119493961334228516e+00,3.133676052093505859e+00,1.547246217727661133e+00,7.886301279067993164e-01,6.880947947502136230e-01,3.621463477611541748e-01,5.847811698913574219e-01,6.958143115043640137e-01,1.004980325698852539e+00,1.873602390289306641e+00,8.931962013244628906e+00,1.974889397621154785e+00,1.340619195252656937e-02,2.077438309788703918e-02,4.119250178337097168e-02,3.618286922574043274e-02,8.295797742903232574e-03,5.232544615864753723e-03,2.030633576214313507e-02,6.517349928617477417e-02,2.068981155753135681e-02,3.229525312781333923e-02,2.183109819889068604e-01,7.208983898162841797e-01,9.017559140920639038e-02,4.205152019858360291e-02,2.263324707746505737e-02,3.759120777249336243e-02,2.869558334350585938e-02,5.829562433063983917e-03,1.920494996011257172e-02,2.635375037789344788e-02,1.252921205013990402e-02,1.239223480224609375e-01,1.359903216361999512e-01,1.836954988539218903e-02,1.179171912372112274e-02,9.729443117976188660e-03,1.130913477391004562e-02,1.032329443842172623e-02,3.265063744038343430e-03,4.522973205894231796e-03,1.050241105258464813e-02,9.177508763968944550e-03,5.084244534373283386e-03,4.730309825390577316e-03,4.929510876536369324e-03,5.759070627391338348e-03,1.919988170266151428e-02,6.364615261554718018e-02,1.192024257034063339e-02,2.855727216228842735e-03,3.784800413995981216e-03,3.687982214614748955e-03,7.044067978858947754e-02,8.488786965608596802e-02,4.558358341455459595e-03,2.395996823906898499e-03,4.106343258172273636e-03,1.070093810558319092e-01,1.708083003759384155e-01,7.261140737682580948e-03,1.446725241839885712e-02,1.866896450519561768e-02,5.534806847572326660e-02,1.321849599480628967e-02,3.859482333064079285e-02,2.866182290017604828e-02,8.647161722183227539e-02,5.571170523762702942e-02,1.703055016696453094e-02,1.262345612049102783e-01,1.929305791854858398e-01,4.829893261194229126e-02,1.437703818082809448e-01,2.626078426837921143e-01,1.701803691685199738e-02,1.032412610948085785e-02,4.506808519363403320e-02,8.227242156863212585e-03,7.062539923936128616e-03,7.918313145637512207e-03,2.216699998825788498e-03,1.089398749172687531e-02,1.267847232520580292e-02,8.066743612289428711e-02,1.450714021921157837e-01,1.657755486667156219e-02,8.915578573942184448e-02,7.748829666525125504e-03,1.670072204433381557e-03,2.221806906163692474e-03,5.867448053322732449e-04,6.175830494612455368e-04,5.445018177852034569e-04,2.910400507971644402e-04,6.578259053640067577e-04,6.378512480296194553e-04,6.296111969277262688e-04,5.110302008688449860e-04,5.998418782837688923e-04,8.869593148119747639e-04,8.401508675888180733e-04,2.790293074212968349e-04,1.636627275729551911e-04,5.196837591938674450e-04,7.565114647150039673e-04,1.678528147749602795e-03,4.041888285428285599e-03,3.358736867085099220e-03,1.832359354011714458e-03,1.435406622476875782e-03,9.991524275392293930e-04,1.126023562392219901e-04

Feature: mfcc
-1.433820190429687500e+02,1.414077911376953125e+02,1.953944015502929688e+01,4.274741363525390625e+01,-9.995465278625488281e+00,-1.614077329635620117e+00,5.904851913452148438e+00,-6.025086402893066406e+00,-4.058961391448974609e+00,1.165330886840820312e+00,1.032280731201171875e+01,-9.303300857543945312e+00,-7.517896652221679688e+00,-9.060699462890625000e+00,-5.730366706848144531e+00,1.312816047668457031e+01,-2.400049924850463867e+00,-1.368810844421386719e+01,2.874536991119384766e+00,1.140607476234436035e+00,-1.173587083816528320e+00,1.101423263549804688e+01,6.625362396240234375e+00,6.782081604003906250e+00,-1.562422943115234375e+01,4.374710559844970703e+00,7.328882217407226562e+00,5.923200607299804688e+00,-3.053187370300292969e+00,5.281882286071777344e+00,-1.361941719055175781e+01,3.877611160278320312e+00,-8.239378929138183594e+00,3.324512243270874023e+00,-3.388473033905029297e+00,-4.719559192657470703e+00,-4.477825641632080078e+00,1.637341976165771484e+00,3.599223852157592773e+00,-4.953859329223632812e+00
-1.494089813232421875e+02,1.188350067138671875e+02,1.305838394165039062e+01,5.060628509521484375e+01,-1.353213310241699219e+01,-5.375835418701171875e+00,1.309217834472656250e+01,-9.218769073486328125e+00,-5.594632148742675781e+00,-1.170723342895507812e+01,8.377857208251953125e-01,-8.929402351379394531e+00,-6.478839397430419922e+00,-7.000846862792968750e+00,-1.601755905151367188e+01,1.157045936584472656e+01,-1.219938039779663086e+00,-1.048487091064453125e+01,6.641789078712463379e-01,6.949602603912353516e+00,8.725522041320800781e+00,1.971449661254882812e+01,6.221110343933105469e+00,1.441049385070800781e+01,-1.743812370300292969e+01,2.118460655212402344e+00,4.357910156250000000e+00,5.352915287017822266e+00,-5.402690887451171875e+00,2.663191080093383789e+00,-1.766927337646484375e+01,-2.943551778793334961e+00,-6.352440834045410156e+00,2.795903205871582031e+00,-8.106765747070312500e+00,-3.193507671356201172e+00,-7.493405818939208984e+00,3.890641212463378906e+00,1.833028435707092285e+00,-4.968759536743164062e+00
-1.914373779296875000e+02,7.562277221679687500e+01,-7.450091838836669922e+00,4.605936431884765625e+01,-2.254928588867187500e+01,-1.557649803161621094e+01,1.720554733276367188e+01,-1.532396888732910156e+01,-1.338610839843750000e+01,-3.086158180236816406e+01,-1.072279357910156250e+01,-1.288835144042968750e+01,-4.362277507781982422e+00,-1.074315261840820312e+01,-2.433047485351562500e+01,9.341937065124511719e+00,-5.934739112854003906e-02,-5.986780166625976562e+00,-3.259382247924804688e-01,1.602983856201171875e+01,2.464157867431640625e+01,3.045459747314453125e+01,1.146250724792480469e+01,1.709978675842285156e+01,-2.116706848144531250e+01,-1.924400568008422852e+00,-4.490620136260986328e+00,-8.269262313842773438e-01,-1.360746669769287109e+01,-6.475191116333007812e+00,-2.237637710571289062e+01,-1.031415653228759766e+01,-4.139328956604003906e+00,1.397911548614501953e+00,-1.638271331787109375e+01,-3.430742740631103516e+00,-9.423334121704101562e+00,2.034197568893432617e+00,-3.176562190055847168e-01,-3.955325365066528320e+00
-1.894755859375000000e+02,7.359387207031250000e+01,-4.714750289916992188e+00,4.580593109130859375e+01,-2.640642166137695312e+01,-1.827958679199218750e+01,1.778819656372070312e+01,-1.896210861206054688e+01,-1.105130958557128906e+01,-2.758045578002929688e+01,-8.461817741394042969e+00,-1.562225723266601562e+01,-6.216379165649414062e+00,-7.566803932189941406e+00,-2.290907669067382812e+01,1.290691757202148438e+01,2.451680660247802734e+00,-2.470108032226562500e+00,-2.331191539764404297e+00,1.605068588256835938e+01,2.726385879516601562e+01,2.975705909729003906e+01,1.198986911773681641e+01,2.081411361694335938e+01,-1.857077789306640625e+01,-1.141521453857421875e+00,-3.506072521209716797e+00,2.361947059631347656e+00,-1.031417942047119141e+01,-6.531100273132324219e+00,-2.405783462524414062e+01,-1.381993007659912109e+01,-6.017419815063476562e+00,3.765958309173583984e+00,-1.772600173950195312e+01,-2.966509342193603516e+00,-7.108465194702148438e+00,5.233843922615051270e-01,-4.683341503143310547e+00,-5.284719944000244141e+00
-1.900907897949218750e+02,7.173867797851562500e+01,-3.604714870452880859e+00,4.341048812866210938e+01,-2.277633285522460938e+01,-1.155756187438964844e+01,2.073747825622558594e+01,-1.970242309570312500e+01,-9.121263504028320312e+00,-2.525836181640625000e+01,-9.666461944580078125e+00,-2.156053733825683594e+01,-1.113335323333740234e+01,-5.334184646606445312e+00,-2.600311088562011719e+01,1.043315124511718750e+01,1.078486323356628418e+00,-2.440836906433105469e+00,-4.553775787353515625e+00,9.493500709533691406e+00,2.710629272460937500e+01,2.924765396118164062e+01,9.480985641479492188e+00,2.576617240905761719e+01,-1.708900070190429688e+01,4.264298439025878906e+00,-3.047212123870849609e+00,-1.308361768722534180e+00,-1.278259086608886719e+01,-6.532986640930175781e+00,-2.237814140319824219e+01,-1.363873481750488281e+01,-5.979100227355957031e+00,4.741809368133544922e+00,-1.545553016662597656e+01,-1.416518092155456543e+00,-5.506745338439941406e+00,3.211850404739379883e+00,-7.020493984222412109e+00,-6.093499183654785156e+00
-1.882601470947265625e+02,6.730321502685546875e+01,5.582540035247802734e-01,3.964675903320312500e+01,-1.471225357055664062e+01,-7.475849151611328125e+00,1.918762969970703125e+01,-1.312422943115234375e+01,-7.868411064147949219e+00,-2.023506927490234375e+01,-1.161630058288574219e+01,-1.958860397338867188e+01,-1.292956542968750000e+01,-2.458153724670410156e+00,-2.284254074096679688e+01,8.313468933105468750e+00,-2.173779487609863281e+00,-2.548707008361816406e+00,-3.372024297714233398e+00,1.381077885627746582e+00,2.217304611206054688e+01,2.579685211181640625e+01,7.722851753234863281e+00,2.273104858398437500e+01,-1.627637481689453125e+01,6.512944221496582031e+00,1.309318542480468750e+00,-3.063932895660400391e+00,-1.252676200866699219e+01,-1.143635749816894531e+01,-2.301812362670898438e+01,-7.319741725921630859e+00,-1.787953019142150879e+00,4.102307796478271484e+00,-1.623019981384277344e+01,-4.525820255279541016e+00,-8.308467864990234375e+00,3.304645538330078125e+00,-5.176281452178955078e+00,-5.760844707489013672e+00
-1.895163116455078125e+02,7.287334442138671875e+01,3.306016445159912109e+00,3.828105163574218750e+01,-1.494907093048095703e+01,-1.166624450683593750e+01,1.648117828369140625e+01,-7.537936687469482422e+00,-1.135121726989746094e+01,-1.612976837158203125e+01,-1.496282577514648438e+01,-1.866222190856933594e+01,-9.376398086547851562e+00,-3.498179912567138672e+00,-2.190870666503906250e+01,9.444350242614746094e+00,-3.155068159103393555e+00,-1.839574813842773438e+00,-6.879916191101074219e-01,2.944155693054199219e+00,2.229132461547851562e+01,2.702489089965820312e+01,4.906434059143066406e+00,1.565945816040039062e+01,-1.369884872436523438e+01,3.361347198486328125e+00,-8.934023380279541016e-01,-4.423123359680175781e+00,-1.257353401184082031e+01,-1.260110187530517578e+01,-2.255948829650878906e+01,-4.668279647827148438e+00,-2.691895961761474609e+00,1.773643970489501953e+00,-1.350008392333984375e+01,-2.327971458435058594e+00,-7.120953559875488281e+00,8.527722358703613281e-01,-8.004020690917968750e+00,-8.066522598266601562e+00
-2.045199127197265625e+02,8.236734008789062500e+01,9.823714494705200195e-01,4.124583435058593750e+01,-1.732435035705566406e+01,-1.606700134277343750e+01,1.719401168823242188e+01,-1.181182956695556641e+01,-1.173814201354980469e+01,-1.845310211181640625e+01,-1.475632476806640625e+01,-1.782366561889648438e+01,-7.177749633789062500e+00,-9.615504264831542969e+00,-2.364553833007812500e+01,5.328528404235839844e+00,-3.785661935806274414e+00,-3.519436836242675781e+00,-7.285648822784423828e+00,6.046758174896240234e+00,2.142450714111328125e+01,2.952981567382812500e+01,2.879895448684692383e+00,1.434294795989990234e+01,-1.342000961303710938e+01,6.552349328994750977e-01,-4.959014892578125000e+00,-8.019493818283081055e-01,-1.000096702575683594e+01,-9.196629524230957031e+00,-2.203682708740234375e+01,-7.105168342590332031e+00,-2.538907289505004883e+00,3.467934727668762207e-01,-1.373515605926513672e+01,-6.771602153778076172e+00,-5.929789543151855469e+00,-1.794188737869262695e+00,-1.178304958343505859e+01,-6.337753772735595703e+00
-2.088279113769531250e+02,8.457179260253906250e+01,-3.562824130058288574e-01,4.550766754150390625e+01,-2.107899475097656250e+01,-1.085685920715332031e+01,2.334182357788085938e+01,-1.509983825683593750e+01,-8.545093536376953125e+00,-1.258971595764160156e+01,-8.346569061279296875e+00,-2.006898498535156250e+01,-6.759585380554199219e+00,-9.364466667175292969e+00,-2.775831985473632812e+01,1.218821644783020020e+00,-4.962442398071289062e+00,-3.279944658279418945e+00,-6.989748954772949219e+00,8.063819885253906250e+00,2.046811103820800781e+01,2.841488456726074219e+01,3.875818252563476562e+00,1.871673202514648438e+01,-1.347708129882812500e+01,2.201145648956298828e+00,-4.063718318939208984e+00,1.273806691169738770e+00,-8.346065521240234375e+00,-1.218211841583251953e+01,-2.346755218505859375e+01,-6.287119865417480469e+00,-1.984998226165771484e+00,2.441295623779296875e+00,-1.301163482666015625e+01,-7.602756500244140625e+00,-4.163497447967529297e+00,3.963815689086914062e+00,-6.437286376953125000e+00,-1.282217979431152344e+00
-2.089130249023437500e+02,8.653816223144531250e+01,-5.494551181793212891e+00,4.603713989257812500e+01,-2.170250701904296875e+01,-1.336016273498535156e+01,2.181540298461914062e+01,-1.925840950012207031e+01,-4.061974525451660156e+00,-1.053035163879394531e+01,-1.813012123107910156e+00,-1.945525741577148438e+01,-8.487911224365234375e+00,-9.834989547729492188e+00,-2.889226913452148438e+01,4.578759193420410156e+00,-3.776899337768554688e+00,-5.222439765930175781e-02,-2.028311014175415039e+00,5.758475303649902344e+00,1.690722846984863281e+01,2.902108001708984375e+01,9.400648117065429688e+00,2.275772476196289062e+01,-1.398958110809326172e+01,2.230348587036132812e+00,-5.536550045013427734e+00,-1.673647999763488770e+00,-6.049222946166992188e+00,-1.098872184753417969e+01,-1.917337036132812500e+01,2.685880661010742188e-01,-5.025367259979248047e+00,-9.275696873664855957e-01,-8.169261932373046875e+00,-5.941493988037109375e+00,-3.974738121032714844e+00,9.076868295669555664e-01,-4.117456078529357910e-01,-7.266325950622558594e-01
-2.094113311767578125e+02,8.583964538574218750e+01,-3.357185363769531250e+00,5.174572753906250000e+01,-2.304088211059570312e+01,-1.165519142150878906e+01,2.248447036743164062e+01,-2.247638702392578125e+01,-2.070579051971435547e+00,-1.383501243591308594e+01,2.834929227828979492e-01,-2.030874824523925781e+01,-7.093407630920410156e+00,-7.355771064758300781e+00,-2.287562179565429688e+01,6.273529052734375000e+00,-7.147022247314453125e+00,-2.345266819000244141e+00,-1.925325155258178711e+00,2.170323371887207031e+00,1.928236770629882812e+01,3.317394638061523438e+01,9.035136222839355469e+00,2.259119033813476562e+01,-1.801134490966796875e+01,5.770402431488037109e+00,-6.801636695861816406e+00,-2.763107538223266602e+00,2.490868568420410156e-01,-5.688887119293212891e+00,-1.748432922363281250e+01,-8.287725448608398438e-01,-4.861803054809570312e+00,1.166266500949859619e-01,-7.870505332946777344e+00,-7.261307716369628906e+00,-6.466556549072265625e+00,-2.888438701629638672e+00,4.113636016845703125e+00,-1.787511706352233887e+00
-2.120804290771484375e+02,7.983795166015625000e+01,-7.144264698028564453e+00,5.243702316284179688e+01,-2.384225463867187500e+01,-1.158293914794921875e+01,2.957518005371093750e+01,-1.808414840698242188e+01,1.444474160671234131e-01,-1.704009628295898438e+01,9.642226099967956543e-01,-1.964782333374023438e+01,-4.936881065368652344e+00,-8.740285873413085938e+00,-2.474559783935546875e+01,1.339223623275756836e+00,-1.105504989624023438e+01,-4.432493209838867188e+00,5.908573865890502930e-01,4.866818428039550781e+00,2.604717254638671875e+01,3.399966430664062500e+01,1.213864421844482422e+01,2.293333053588867188e+01,-1.871848106384277344e+01,2.326688766479492188e+00,-6.319454669952392578e+00,6.839495897293090820e-02,9.312506318092346191e-01,-2.586384773254394531e+00,-1.329034996032714844e+01,-1.393107771873474121e+00,-3.712808132171630859e+00,4.983819007873535156e+00,-1.446907234191894531e+01,-6.238101482391357422e+00,-8.840326309204101562e+00,-7.904914855957031250e+00,3.307617902755737305e+00,-8.923048973083496094e-01
-2.151800231933593750e+02,7.504489898681640625e+01,-9.208765983581542969e+00,5.125182342529296875e+01,-2.222677040100097656e+01,-1.184151458740234375e+01,3.500181961059570312e+01,-1.615757751464843750e+01,-3.433773994445800781e+00,-1.709628105163574219e+01,-1.830077171325683594e-01,-1.437569618225097656e+01,-7.045398712158203125e+00,-9.426607131958007812e+00,-2.463365173339843750e+01,9.529399871826171875e-01,-1.353502082824707031e+01,-9.005355834960937500e+00,2.339863777160644531e+00,5.253658294677734375e+00,2.577449607849121094e+01,2.834849166870117188e+01,1.465889358520507812e+01,2.239101409912109375e+01,-1.438277435302734375e+01,-1.938208103179931641e+00,-9.429991722106933594e+00,-3.228306293487548828e+00,-4.850613117218017578e+00,-7.254141330718994141e+00,-1.275991058349609375e+01,-1.445399522781372070e+00,-5.341506958007812500e+00,7.552439212799072266e+00,-1.764903640747070312e+01,-8.098142623901367188e+00,-1.023916912078857422e+01,-7.490843296051025391e+00,-5.892602443695068359e+00,-1.783900260925292969e+00
-2.104715270996093750e+02,7.531181335449218750e+01,-6.932211399078369141e+00,5.219993209838867188e+01,-1.854882431030273438e+01,-1.168673992156982422e+01,3.188981437683105469e+01,-2.260919570922851562e+01,-9.867074012756347656e+00,-2.057725143432617188e+01,1.676499128341674805e+00,-1.035187530517578125e+01,-8.741111755371093750e+00,-7.012073993682861328e+00,-2.201016235351562500e+01,5.916737914085388184e-01,-1.477199935913085938e+01,-1.204082393646240234e+01,7.867484092712402344e-01,4.813817024230957031e+00,2.270078277587890625e+01,2.547947311401367188e+01,1.380719947814941406e+01,1.807213592529296875e+01,-1.413761615753173828e+01,-1.208652496337890625e+00,-7.989864349365234375e+00,-8.021339416503906250e+00,-6.275764465332031250e+00,-1.261056900024414062e+01,-1.249001789093017578e+01,-2.511602401733398438e+00,-6.630528926849365234e+00,5.197512626647949219e+00,-1.643442726135253906e+01,-9.561203002929687500e+00,-7.211277008056640625e+00,-3.816674232482910156e+00,-6.455103397369384766e+00,-3.806342840194702148e+00
-2.054201049804687500e+02,7.282295227050781250e+01,-9.588615417480468750e+00,5.274618530273437500e+01,-1.863775634765625000e+01,-1.118574905395507812e+01,2.489056396484375000e+01,-2.539274024963378906e+01,-4.577430725097656250e+00,-1.733247375488281250e+01,4.535460472106933594e+00,-1.037346935272216797e+01,-5.613852500915527344e+00,-5.166581630706787109e+00,-2.340322494506835938e+01,-9.169811010360717773e-01,-1.433369445800781250e+01,-1.250663280487060547e+01,1.320725083351135254e+00,4.152738094329833984e+00,2.352657508850097656e+01,2.641670799255371094e+01,1.412354278564453125e+01,2.391920852661132812e+01,-1.098794746398925781e+01,3.095021963119506836e+00,-6.527171611785888672e+00,-6.129374027252197266e+00,-5.644584178924560547e+00,-1.300284481048583984e+01,-1.587614822387695312e+01,-3.965258836746215820e+00,-7.373209953308105469e+00,1.122729182243347168e-01,-1.303871726989746094e+01,-9.507881164550781250e+00,-8.683516502380371094e+00,-4.500753402709960938e+00,-2.311320304870605469e+00,-6.031498908996582031e+00
-1.967518157958984375e+02,7.521273803710937500e+01,-3.240510463714599609e+00,5.205444717407226562e+01,-1.646120262145996094e+01,-9.181837081909179688e+00,1.736761665344238281e+01,-2.337694931030273438e+01,-9.552627563476562500e+00,-2.186488723754882812e+01,1.587703704833984375e+00,-9.082890510559082031e+00,-2.463183403015136719e+00,-3.812743186950683594e+00,-1.967683410644531250e+01,1.569228410720825195e+00,-1.511449432373046875e+01,-1.196630764007568359e+01,5.386480808258056641e+00,4.272685050964355469e+00,2.498525810241699219e+01,2.680612945556640625e+01,1.037150764465332031e+01,2.341354370117187500e+01,-1.257742023468017578e+01,-5.259889364242553711e-01,-8.560362815856933594e+00,-3.476755857467651367e+00,-3.494228124618530273e+00,-8.807463645935058594e+00,-1.515381813049316406e+01,-3.450074434280395508e+00,-8.698114395141601562e+00,4.357402324676513672e-01,-1.011904716491699219e+01,-9.310939788818359375e+00,-9.663946151733398438e+00,-1.772078514099121094e+00,-1.235765218734741211e-01,-7.519524574279785156e+00
-1.700100708007812500e+02,1.060867309570312500e+02,2.401291847229003906e+01,6.195916366577148438e+01,-9.055767059326171875e+00,-3.854764461517333984e+00,9.287284851074218750e+00,-2.168727493286132812e+01,-1.310351562500000000e+01,-2.485652923583984375e+01,-9.492496490478515625e+00,-1.172492504119873047e+01,-2.369037866592407227e-01,-1.526510000228881836e+00,-1.272450065612792969e+01,5.325144767761230469e+00,-1.367217063903808594e+01,-5.809422969818115234e+00,6.248379945755004883e-01,-4.151390552520751953e+00,2.268893814086914062e+01,2.254018402099609375e+01,7.095026016235351562e+00,1.519603919982910156e+01,-1.062836742401123047e+01,3.992542743682861328e+00,-6.796498775482177734e+00,1.072734370827674866e-01,-4.488726615905761719e+00,-5.232897758483886719e+00,-9.068673133850097656e+00,8.860588073730468750e-03,-4.007706165313720703e+00,5.116253376007080078e+00,-5.164783000946044922e+00,-2.616741418838500977e+00,-5.046424388885498047e+00,-6.858341097831726074e-01,9.337958693504333496e-01,-7.264355659484863281e+00

Feature: rms
1.339246481657028198e-01
2.167031764984130859e-01
2.624059617519378662e-01
2.841977775096893311e-01
2.955973148345947266e-01
2.830778360366821289e-01
2.882500290870666504e-01
3.025858700275421143e-01
3.047203421592712402e-01
2.953092455863952637e-01
2.819603383541107178e-01
2.679160833358764648e-01
2.596975564956665039e-01
2.592450678348541260e-01
2.550133764743804932e-01
2.347821444272994995e-01
1.963537931442260742e-01

Feature: spectral_centroid
1.296997587168128121e+03
1.507921193714571700e+03
1.580772674661599467e+03
1.624364120254715090e+03
1.776298956152051232e+03
1.825335813661822158e+03
1.635103946814281471e+03
1.418284384012436703e+03
1.395062100663495130e+03
1.407789772935199380e+03
1.541178731496232103e+03
1.627443355320109276e+03
1.609105994846335079e+03
1.615002015577171278e+03
1.720466279633541035e+03
1.745109472684845969e+03
1.435760894229630139e+03

Feature: spectral_bandwidth
1.974826141158009705e+03
2.125632043752540085e+03
2.177480926395503502e+03
2.239475899229582865e+03
2.360162533091295700e+03
2.455969612404136569e+03
2.320871188754430477e+03
2.132042744997598220e+03
2.069790428839021388e+03
2.045605869179268211e+03
2.129540088771532282e+03
2.193068738453007882e+03
2.173606643280506432e+03
2.170749842521791834e+03
2.228577962937051780e+03
2.282519358342945452e+03
2.123726467912076714e+03

Feature: spectral_contrast
6.584062268163553000e-01,7.994550534190970836e+00,4.513554619003063095e+00,1.525654298266301723e+01,1.619440851007504278e+01,1.726312739965264953e+01,2.466215329659639366e+01
1.866407350317827785e+00,1.706743250644869647e+01,8.487663730616048952e+00,1.591812091813376817e+01,1.605541378290964261e+01,2.037880780126319280e+01,2.989722099293427249e+01
1.305666722921598755e+01,2.698171521363419956e+01,1.720060500448143159e+01,2.127430776173514460e+01,2.034520626466733262e+01,1.996959450513895717e+01,4.973227680470786538e+01
1.326524381284088250e+01,3.087571078576155514e+01,1.688422866096308894e+01,2.525673861697880440e+01,2.310569112714649975e+01,2.201977760502575165e+01,4.990599836624974017e+01
1.855361879663991687e+01,2.616538012406212133e+01,1.460357415337457532e+01,2.461134315183566912e+01,2.357830516614134808e+01,2.371993786982690011e+01,5.306351909348621376e+01
1.288769985069421153e+01,2.769553298654032858e+01,1.699722558224224755e+01,2.519210464651197512e+01,2.063933608308623491e+01,2.493111304128987271e+01,4.989510668736674148e+01
1.093871407513908700e+01,2.757137910892296873e+01,1.939797048031208959e+01,2.109040471545026918e+01,2.080011651081175117e+01,2.240099173310078129e+01,5.081429442501342919e+01
1.319935329677079672e+01,3.054545437251534068e+01,2.024215969564290774e+01,2.210917666732978404e+01,2.167173809386986960e+01,2.390904074477506214e+01,5.333374101126165101e+01
1.032722119646304293e+01,2.991501583553813504e+01,1.598562985401761516e+01,2.501382342064330189e+01,2.285342575678457422e+01,2.455502598115851853e+01,5.232777110182226465e+01
9.899180031108322453e+00,2.830641999144662790e+01,1.930252122136764825e+01,2.097173707422954791e+01,2.394973251287012772e+01,2.560655361924905549e+01,5.088345278257962434e+01
1.210316126019133876e+01,3.156953929855613339e+01,1.894683345950050324e+01,2.131317530429657481e+01,1.945509089805515757e+01,2.693728403701249619e+01,5.261587819405882271e+01
1.299404476939096398e+01,2.706925443382477070e+01,2.619561845666919098e+01,2.399290506421657199e+01,1.967436140549450130e+01,2.657376640492135778e+01,5.249546716965836168e+01
1.026206392617648611e+01,3.211527340204744974e+01,2.845990933108804910e+01,1.861585187301184163e+01,2.176392895782026571e+01,2.828243832435665439e+01,5.224931215514496330e+01
1.173939444028847312e+01,2.878881098795784865e+01,2.355449571163129008e+01,2.224945945604240549e+01,2.125804213020893840e+01,2.459567953897080628e+01,5.340984303609360495e+01
1.201654230955062985e+01,3.023434106604074856e+01,2.652438735372529521e+01,1.909611094580253265e+01,2.012943863558269797e+01,2.374761475461717453e+01,5.024452938405414670e+01
1.409020294387989125e+01,2.884941859327978264e+01,2.194531737198168031e+01,1.743217556359810061e+01,2.112458858657831584e+01,2.371252562927687535e+01,2.371711332785886839e+01
5.631573933624152595e+00,1.393184099325184633e+01,1.679236348754542973e+01,1.764586584481477516e+01,1.639617683251531943e+01,2.308123332245086701e+01,1.586360467506204586e+01

Feature: spectral_flatness
4.500652663409709930e-03
1.461769337765872478e-03
3.090204845648258924e-04
2.713936555664986372e-04
3.344568540342152119e-04
4.136987845413386822e-04
3.282838442828506231e-04
1.754216937115415931e-04
1.408598182024434209e-04
1.414023427059873939e-04
1.820493198465555906e-04
2.083020372083410621e-04
2.034666249528527260e-04
2.476974914316087961e-04
2.817269414663314819e-04
4.358041041996330023e-04
9.179949411191046238e-04

Feature: spectral_rolloff
3.100781250000000000e+03
3.552978515625000000e+03
3.649877929687500000e+03
3.725244140625000000e+03
3.929809570312500000e+03
4.069775390625000000e+03
3.800610351562500000e+03
3.423779296875000000e+03
3.402246093750000000e+03
3.337646484375000000e+03
3.703710937500000000e+03
3.800610351562500000e+03
3.703710937500000000e+03
3.703710937500000000e+03
3.897509765625000000e+03
3.919042968750000000e+03
3.639111328125000000e+03

Feature: poly_features
-3.807673167956898957e-04,3.015693436326192245e+00
-3.544163338942819363e-04,2.851934906202766573e+00
-3.362253672243219150e-04,2.721343839196673553e+00
-3.382887619662680871e-04,2.747834666996595399e+00
-2.973607068643878632e-04,2.446950396240096914e+00
-2.726242486643622241e-04,2.253245547644310065e+00
-2.969902729094950930e-04,2.414524654300596040e+00
-3.057330192722680076e-04,2.443223745905998001e+00
-3.157481383202388617e-04,2.518843807298893900e+00
-3.042309138687264132e-04,2.429291728789245486e+00
-2.833846092252570166e-04,2.286367782752368960e+00
-2.706192118161650229e-04,2.198731772537283469e+00
-2.692645132533192016e-04,2.184420640152939352e+00
-2.730745365265402043e-04,2.216403704554832377e+00
-2.675099813780237976e-04,2.190612722018527414e+00
-2.692951838808397701e-04,2.209946072292519048e+00
-3.695069399521240246e-04,2.956790941693857366e+00

Feature: tonnetz
1.640328240826934847e-01,-1.658060252851244754e-01,1.696243640035378641e-01,4.243627097457645658e-01,1.617822176651279309e-01,-2.864489750936611775e-02
2.971243829800973568e-01,-2.044105343298602828e-01,8.159353025257440328e-02,5.551851866766808197e-01,1.994162589849289846e-01,-9.387272456660850084e-02
4.148879803439614045e-01,-2.645854927498240139e-01,3.404004592448307831e-02,6.234073848463592693e-01,2.340948543032579932e-01,-1.306126639246938670e-01
4.901721462109818739e-01,-3.025146847561409058e-01,2.192608453333201590e-02,6.641184594482181236e-01,2.597674362827597783e-01,-1.517313835211095974e-01
5.157408421179856539e-01,-3.375289696965903530e-01,3.990281093865455375e-02,6.553413164801893398e-01,2.657047830931902888e-01,-1.507790524046865865e-01
5.620375824754235694e-01,-3.473336479355898510e-01,3.839524323120528659e-02,6.961591099388896309e-01,2.857394515981269700e-01,-1.654486516490576153e-01
6.343351778710802913e-01,-4.022081650287636090e-01,5.948010226711432369e-02,7.558648944832383476e-01,3.154318353244484063e-01,-1.841504924232137408e-01
6.624718547323935613e-01,-4.091064401429315156e-01,5.508757941424645421e-02,7.747202692553399883e-01,3.293976558571096724e-01,-1.880263877101239767e-01
6.501720617662770652e-01,-4.083252307578881246e-01,5.956098809838091673e-02,7.821792317554353557e-01,3.313047127590481034e-01,-1.811924772337075995e-01
6.349115315109975510e-01,-3.859487312580040519e-01,3.977406583726204869e-02,7.724383063614367328e-01,3.272973812680897154e-01,-1.814245828427371587e-01
6.373267510522003798e-01,-3.831060049004678114e-01,3.034870605915586383e-02,7.590463338419793926e-01,3.152903640070320868e-01,-1.843108281027522888e-01
6.159799022053685791e-01,-3.801189520770829056e-01,4.210721142589850252e-02,7.440042602829634033e-01,3.074679002424360319e-01,-1.747628276934844460e-01
6.051866282169640066e-01,-3.836891349090111314e-01,6.119729205965800806e-02,7.473058714531360947e-01,3.143540596117815888e-01,-1.628809986868870463e-01
5.948423056859897251e-01,-3.787102741539635220e-01,6.314980052411361955e-02,7.398807643912731491e-01,3.122478750349000909e-01,-1.599875049432736840e-01
5.496069589824355006e-01,-3.505199271906215275e-01,6.592399813234621486e-02,6.881656385958193622e-01,2.888448886958318584e-01,-1.501206406392154580e-01
4.135191667574563135e-01,-2.766291559270355749e-01,7.798559963702998699e-02,5.672492654994129024e-01,2.323157668866924486e-01,-1.095520642120389188e-01
2.597900081681906448e-01,-1.901805640437040368e-01,7.701641134917608378e-02,4.135736767202612962e-01,1.610296654994298193e-01,-6.681969529017790788e-02

Feature: zero_crossing_rate
1.855468750000000000e-02
2.636718750000000000e-02
3.369140625000000000e-02
3.076171875000000000e-02
2.978515625000000000e-02
2.929687500000000000e-02
2.978515625000000000e-02
2.978515625000000000e-02
2.978515625000000000e-02
2.978515625000000000e-02
3.027343750000000000e-02
3.027343750000000000e-02
3.027343750000000000e-02
3.027343750000000000e-02
2.929687500000000000e-02
2.587890625000000000e-02
1.855468750000000000e-02

