Feature: chroma_stft
3.437991021201014519e-03,8.793334476649761200e-03,6.049992050975561142e-03,8.476136252284049988e-03,1.617857068777084351e-02,1.537387818098068237e-01,1.000000000000000000e+00,3.763109445571899414e-01,9.917702525854110718e-03,2.211875747889280319e-03,1.991173485293984413e-03,1.741599175147712231e-03
9.146085358224809170e-04,4.879327490925788879e-03,3.659126115962862968e-03,3.533673472702503204e-03,1.346573513001203537e-02,9.052515774965286255e-02,1.000000000000000000e+00,4.117075502872467041e-01,5.987269338220357895e-03,4.115693736821413040e-04,5.646637291647493839e-04,4.238747933413833380e-04
1.114124432206153870e-03,1.516531594097614288e-02,1.115939114242792130e-02,4.327860660851001740e-03,2.038201503455638885e-02,1.197936609387397766e-01,1.000000000000000000e+00,4.661420881748199463e-01,7.634563371539115906e-03,4.540548252407461405e-04,5.894428468309342861e-04,4.588125448208302259e-04
2.521942136809229851e-03,3.717066720128059387e-02,2.625197730958461761e-02,5.610798485577106476e-03,2.234713733196258545e-02,2.642415761947631836e-01,1.000000000000000000e+00,6.233398914337158203e-01,1.719691604375839233e-02,2.530215308070182800e-03,1.353297382593154907e-03,8.921714616008102894e-04
1.269772765226662159e-03,2.189745381474494934e-02,1.316452212631702423e-02,1.461418811231851578e-03,7.170032709836959839e-03,1.190446466207504272e-01,1.000000000000000000e+00,6.641544103622436523e-01,1.356874965131282806e-02,1.091980841010808945e-03,8.064713911153376102e-04,4.224071453791111708e-04
1.500573824159801006e-03,3.509316593408584595e-02,2.054764330387115479e-02,1.919679925777018070e-03,9.404582902789115906e-03,5.871612206101417542e-02,1.000000000000000000e+00,7.408024668693542480e-01,1.462705619633197784e-02,4.808850062545388937e-04,9.003898012451827526e-04,4.607062437571585178e-04
1.696978346444666386e-03,3.580457717180252075e-02,2.021320909261703491e-02,1.878415467217564583e-03,8.514715358614921570e-03,5.909987166523933411e-02,1.000000000000000000e+00,7.167494893074035645e-01,1.462114229798316956e-02,6.138577009551227093e-04,6.893643294461071491e-04,3.685536212287843227e-04
3.892907407134771347e-03,6.920610368251800537e-02,3.819951787590980530e-02,5.049625877290964127e-03,9.910758584737777710e-03,8.199329674243927002e-02,1.000000000000000000e+00,7.013431191444396973e-01,1.685932837426662445e-02,9.753078338690102100e-04,9.638431365601718426e-04,4.614114877767860889e-04
1.966415438801050186e-03,2.441100403666496277e-02,1.234080549329519272e-02,2.631291979923844337e-03,4.863142035901546478e-03,8.785740286111831665e-02,1.000000000000000000e+00,5.296378731727600098e-01,1.124240178614854813e-02,6.081392057240009308e-04,4.898394690826535225e-04,2.669015375431627035e-04
1.025320147164165974e-03,7.010215427726507187e-03,2.386323409155011177e-03,9.685011464171111584e-04,1.767589943483471870e-03,9.608139842748641968e-02,1.000000000000000000e+00,3.625881373882293701e-01,4.792531020939350128e-03,1.959832443390041590e-04,1.936471380759030581e-04,1.164958957815542817e-04
3.478676313534379005e-03,2.095779590308666229e-02,5.425338633358478546e-03,1.256069634109735489e-03,2.186703961342573166e-03,1.233006566762924194e-01,1.000000000000000000e+00,2.549708783626556396e-01,2.744204830378293991e-03,3.188154078088700771e-04,3.833096707239747047e-04,1.549008156871423125e-04
5.326088052242994308e-03,2.779389917850494385e-02,6.544207222759723663e-03,1.772116869688034058e-03,3.068001242354512215e-03,1.779994368553161621e-01,1.000000000000000000e+00,1.508816331624984741e-01,1.759229577146470547e-03,5.633681430481374264e-04,6.240436923690140247e-04,2.769470156636089087e-04
3.420608816668391228e-03,1.783349737524986267e-02,4.028260242193937302e-03,1.741108833812177181e-03,2.725093858316540718e-03,1.830131113529205322e-01,1.000000000000000000e+00,1.484561115503311157e-01,1.717388280667364597e-03,5.240634200163185596e-04,5.481768166646361351e-04,2.541817957535386086e-04
9.053817950189113617e-03,3.086978942155838013e-02,4.120486322790384293e-03,2.361013554036617279e-03,3.486138302832841873e-03,1.900624930858612061e-01,1.000000000000000000e+00,1.569125950336456299e-01,2.174309454858303070e-03,6.715260678902268410e-04,6.338966777548193932e-04,3.179061168339103460e-04
3.550270572304725647e-02,1.128179281949996948e-01,9.399203583598136902e-03,2.923090010881423950e-03,4.274879116564989090e-03,1.888423860073089600e-01,1.000000000000000000e+00,1.545188277959823608e-01,1.911054248921573162e-03,9.457275155000388622e-04,1.128852716647088528e-03,5.722036585211753845e-04
4.200876131653785706e-02,1.447184383869171143e-01,1.306039001792669296e-02,2.548477612435817719e-03,3.687702585011720657e-03,2.008215337991714478e-01,1.000000000000000000e+00,1.682091355323791504e-01,2.002245280891656876e-03,1.166725414805114269e-03,1.280486932955682278e-03,6.927737267687916756e-04
7.709210366010665894e-02,2.784242928028106689e-01,3.005934134125709534e-02,6.708241999149322510e-03,8.461618795990943909e-03,2.226444035768508911e-01,1.000000000000000000e+00,1.991666108369827271e-01,3.499320242553949356e-03,2.134508220478892326e-03,2.692697104066610336e-03,2.113435417413711548e-03

Feature: chroma_cqt
1.580611169338226318e-01,1.753260642290115356e-01,1.267682909965515137e-01,1.958668231964111328e-01,1.520737111568450928e-01,5.254542827606201172e-01,1.000000000000000000e+00,1.795157194137573242e-01,1.405684649944305420e-01,1.051029413938522339e-01,1.061632856726646423e-01,1.081641092896461487e-01
5.444670841097831726e-02,7.678926736116409302e-02,5.320899188518524170e-02,1.015184447169303894e-01,1.170217692852020264e-01,2.052319645881652832e-01,1.000000000000000000e+00,6.429859995841979980e-02,5.212128534913063049e-02,3.371069207787513733e-02,3.854941949248313904e-02,3.939993679523468018e-02
6.308853626251220703e-02,1.422291100025177002e-01,6.884373724460601807e-02,1.098760589957237244e-01,1.523105651140213013e-01,3.040041625499725342e-01,1.000000000000000000e+00,7.797804474830627441e-02,7.802464067935943604e-02,4.228150099515914917e-02,4.478593543171882629e-02,4.308720305562019348e-02
1.155875027179718018e-01,2.392138391733169556e-01,1.246708184480667114e-01,1.703815460205078125e-01,1.403052061796188354e-01,5.552883744239807129e-01,1.000000000000000000e+00,1.629236340522766113e-01,1.465261876583099365e-01,7.888045161962509155e-02,7.200751453638076782e-02,7.560928910970687866e-02
6.258516013622283936e-02,1.005571261048316956e-01,5.805143341422080994e-02,8.130844682455062866e-02,7.157312333583831787e-02,2.969785630702972412e-01,1.000000000000000000e+00,1.032688096165657043e-01,8.626118302345275879e-02,4.709315299987792969e-02,3.900548815727233887e-02,3.871589154005050659e-02
6.073324009776115417e-02,1.447842568159103394e-01,4.999728873372077942e-02,7.039366662502288818e-02,1.025182306766510010e-01,1.483919024467468262e-01,1.000000000000000000e+00,1.031871959567070007e-01,7.690056413412094116e-02,4.176414012908935547e-02,4.328049719333648682e-02,3.440262004733085632e-02
7.627311348915100098e-02,1.051345318555831909e-01,5.151983350515365601e-02,6.837973743677139282e-02,1.017412319779396057e-01,1.604288965463638306e-01,1.000000000000000000e+00,1.037903651595115662e-01,8.557004481554031372e-02,4.335524141788482666e-02,4.347581416368484497e-02,3.793412819504737854e-02
1.093880683183670044e-01,2.008759826421737671e-01,6.190491095185279846e-02,8.029294013977050781e-02,9.110362082719802856e-02,2.638719677925109863e-01,1.000000000000000000e+00,1.285469233989715576e-01,1.078189387917518616e-01,5.785734206438064575e-02,5.091356858611106873e-02,4.723975062370300293e-02
8.185363560914993286e-02,1.416010707616806030e-01,3.659177571535110474e-02,5.424470454454421997e-02,6.129107251763343811e-02,2.208333164453506470e-01,1.000000000000000000e+00,1.053609475493431091e-01,6.940466165542602539e-02,4.039593413472175598e-02,3.342504426836967468e-02,3.625810891389846802e-02
4.685791581869125366e-02,4.869194328784942627e-02,2.019592747092247009e-02,3.544441610574722290e-02,4.160792753100395203e-02,2.273635566234588623e-01,1.000000000000000000e+00,5.975970253348350525e-02,4.552222043275833130e-02,3.314070031046867371e-02,2.308901213109493256e-02,2.774861827492713928e-02
9.439358860254287720e-02,1.576102674007415771e-01,3.194910660386085510e-02,4.406737908720970154e-02,6.033422052860260010e-02,2.926252484321594238e-01,1.000000000000000000e+00,5.914387479424476624e-02,6.191115453839302063e-02,4.684757813811302185e-02,3.848982602357864380e-02,3.323117643594741821e-02
1.189142763614654541e-01,1.397864818572998047e-01,6.486823409795761108e-02,5.624902248382568359e-02,1.017951592803001404e-01,4.855063557624816895e-01,1.000000000000000000e+00,8.869378268718719482e-02,9.965628385543823242e-02,7.134561985731124878e-02,4.543574899435043335e-02,5.997727066278457642e-02
8.812979608774185181e-02,1.478519290685653687e-01,5.079722404479980469e-02,4.676333069801330566e-02,6.930144131183624268e-02,4.321787059307098389e-01,1.000000000000000000e+00,6.904920190572738647e-02,7.256183773279190063e-02,4.813085123896598816e-02,3.773283958435058594e-02,4.421150311827659607e-02
1.229593083262443542e-01,1.184278577566146851e-01,4.292241483926773071e-02,4.243550822138786316e-02,7.063733041286468506e-02,5.496644973754882812e-01,1.000000000000000000e+00,9.521698206663131714e-02,6.530043482780456543e-02,5.817834660410881042e-02,3.589320555329322815e-02,5.099440366029739380e-02
2.313108444213867188e-01,1.789682507514953613e-01,6.904916465282440186e-02,5.401437357068061829e-02,9.516495466232299805e-02,5.852268934249877930e-01,1.000000000000000000e+00,6.699734181165695190e-02,8.815295994281768799e-02,8.375920355319976807e-02,5.653056502342224121e-02,6.648232042789459229e-02
1.649169772863388062e-01,1.356381326913833618e-01,5.315714702010154724e-02,4.160946980118751526e-02,5.649733543395996094e-02,5.955873727798461914e-01,1.000000000000000000e+00,5.595535412430763245e-02,7.943528890609741211e-02,5.872788280248641968e-02,4.127746075391769409e-02,5.066764727234840393e-02
3.452810049057006836e-01,3.907897472381591797e-01,9.116426110267639160e-02,9.378191828727722168e-02,1.259463876485824585e-01,6.592915654182434082e-01,1.000000000000000000e+00,1.233994066715240479e-01,1.115057319402694702e-01,1.109208092093467712e-01,6.757542490959167480e-02,9.949372708797454834e-02

Feature: chroma_cens
5.157789587974548340e-02,1.943349689245223999e-01,0.000000000000000000e+00,8.141257613897323608e-02,9.651726484298706055e-02,4.510690569877624512e-01,8.511182069778442383e-01,1.239974498748779297e-01,1.972663216292858124e-02,0.000000000000000000e+00,0.000000000000000000e+00,0.000000000000000000e+00
5.493456125259399414e-02,1.956669837236404419e-01,0.000000000000000000e+00,7.607438415288925171e-02,9.145294874906539917e-02,4.556497931480407715e-01,8.497908711433410645e-01,1.201365590095520020e-01,1.875262707471847534e-02,0.000000000000000000e+00,0.000000000000000000e+00,0.000000000000000000e+00
5.838411673903465271e-02,1.969918012619018555e-01,0.000000000000000000e+00,7.108813524246215820e-02,8.666539192199707031e-02,4.601601064205169678e-01,8.483042716979980469e-01,1.163445860147476196e-01,1.782151684165000916e-02,0.000000000000000000e+00,0.000000000000000000e+00,0.000000000000000000e+00
6.189832836389541626e-02,1.983047127723693848e-01,0.000000000000000000e+00,6.640344113111495972e-02,8.211725950241088867e-02,4.645947217941284180e-01,8.466836810111999512e-01,1.126192286610603333e-01,1.692805439233779907e-02,0.000000000000000000e+00,0.000000000000000000e+00,0.000000000000000000e+00
6.546500325202941895e-02,1.996054500341415405e-01,0.000000000000000000e+00,6.197427585721015930e-02,7.777216285467147827e-02,4.689598977565765381e-01,8.449442982673645020e-01,1.089506819844245911e-01,1.606655493378639221e-02,0.000000000000000000e+00,0.000000000000000000e+00,0.000000000000000000e+00
6.908286362886428833e-02,2.008965611457824707e-01,0.000000000000000000e+00,5.775939300656318665e-02,7.359574735164642334e-02,4.732691645622253418e-01,8.430935144424438477e-01,1.053247079253196716e-01,1.523128990083932877e-02,0.000000000000000000e+00,0.000000000000000000e+00,0.000000000000000000e+00
7.275839149951934814e-02,2.021823823451995850e-01,0.000000000000000000e+00,5.372206866741180420e-02,6.955609470605850220e-02,4.775404036045074463e-01,8.411325216293334961e-01,1.017241552472114563e-01,1.441665645688772202e-02,0.000000000000000000e+00,0.000000000000000000e+00,0.000000000000000000e+00
7.650388777256011963e-02,2.034685015678405762e-01,0.000000000000000000e+00,4.982974007725715637e-02,6.562370061874389648e-02,4.817945659160614014e-01,8.390573859214782715e-01,9.813001751899719238e-02,1.361723616719245911e-02,0.000000000000000000e+00,0.000000000000000000e+00,0.000000000000000000e+00
8.033633977174758911e-02,2.047613561153411865e-01,0.000000000000000000e+00,4.605351015925407410e-02,6.177128478884696960e-02,4.860545098781585693e-01,8.368598222732543945e-01,9.452179074287414551e-02,1.282780896872282028e-02,0.000000000000000000e+00,0.000000000000000000e+00,0.000000000000000000e+00
8.427696675062179565e-02,2.060682326555252075e-01,0.000000000000000000e+00,4.236781597137451172e-02,5.797356367111206055e-02,4.903447926044464111e-01,8.345271348953247070e-01,9.087765961885452271e-02,1.204333361238241196e-02,0.000000000000000000e+00,0.000000000000000000e+00,0.000000000000000000e+00
8.835096657276153564e-02,2.073970139026641846e-01,0.000000000000000000e+00,3.875012695789337158e-02,5.420704931020736694e-02,4.946916997432708740e-01,8.320424556732177734e-01,8.717442303895950317e-02,1.125891692936420441e-02,0.000000000000000000e+00,0.000000000000000000e+00,0.000000000000000000e+00
9.258776158094406128e-02,2.087563425302505493e-01,0.000000000000000000e+00,3.518092259764671326e-02,5.044996738433837891e-02,4.991230964660644531e-01,8.293843865394592285e-01,8.338742703199386597e-02,1.046979147940874100e-02,0.000000000000000000e+00,0.000000000000000000e+00,0.000000000000000000e+00
9.702134877443313599e-02,2.101556360721588135e-01,0.000000000000000000e+00,3.164386376738548279e-02,4.668236523866653442e-02,5.036687850952148438e-01,8.265267014503479004e-01,7.949034124612808228e-02,9.671321138739585876e-03,0.000000000000000000e+00,0.000000000000000000e+00,0.000000000000000000e+00
1.016908511519432068e-01,2.116052061319351196e-01,0.000000000000000000e+00,2.812638692557811737e-02,4.288646206259727478e-02,5.083604454994201660e-01,8.234376311302185059e-01,7.545506209135055542e-02,8.859042078256607056e-03,0.000000000000000000e+00,0.000000000000000000e+00,0.000000000000000000e+00
1.066411510109901428e-01,2.131162732839584351e-01,0.000000000000000000e+00,2.462082728743553162e-02,3.904751315712928772e-02,5.132320523262023926e-01,8.200791478157043457e-01,7.125174254179000854e-02,8.028774522244930267e-03,0.000000000000000000e+00,0.000000000000000000e+00,0.000000000000000000e+00
1.119235008955001831e-01,2.147010415792465210e-01,0.000000000000000000e+00,2.112638764083385468e-02,3.515531867742538452e-02,5.183192491531372070e-01,8.164062500000000000e-01,6.684913486242294312e-02,7.176867220550775528e-03,0.000000000000000000e+00,0.000000000000000000e+00,0.000000000000000000e+00
1.175958812236785889e-01,2.163726091384887695e-01,0.000000000000000000e+00,1.765240170061588287e-02,3.120693564414978027e-02,5.236588716506958008e-01,8.123666048049926758e-01,6.221562996506690979e-02,6.300627719610929489e-03,0.000000000000000000e+00,0.000000000000000000e+00,0.000000000000000000e+00

Feature: melspectrogram
1.404809672385454178e-02,7.981755584478378296e-02,8.768285810947418213e-02,1.940466277301311493e-02,1.855984143912792206e-02,9.495991282165050507e-03,3.193954750895500183e-02,2.075807750225067139e-02,2.452434040606021881e-02,2.276509068906307220e-02,3.025266155600547791e-02,4.281508550047874451e-02,4.417918622493743896e-03,2.681079320609569550e-03,5.495047196745872498e-03,9.254201315343379974e-03,1.130883581936359406e-02,2.819490432739257812e-02,1.975728943943977356e-02,2.294893004000186920e-02,3.988888859748840332e-02,8.460546284914016724e-02,2.282688170671463013e-01,8.145902156829833984e-01,6.252661943435668945e-01,1.611103773117065430e+00,1.372510719299316406e+01,7.872271728515625000e+01,3.124196052551269531e+01,7.205023169517517090e-01,1.755837202072143555e-01,8.293397724628448486e-02,6.810510158538818359e-02,4.743828624486923218e-02,3.523164987564086914e-02,3.169063106179237366e-02,2.512245625257492065e-02,2.754398435354232788e-02,2.231881953775882721e-02,1.230375003069639206e-02,7.144109811633825302e-03,6.494136527180671692e-03,5.289799533784389496e-03,2.625697292387485504e-03,1.059994800016283989e-03,3.404689021408557892e-03,7.631677668541669846e-03,1.112734712660312653e-02,5.655666813254356384e-02,1.682956367731094360e-01,4.767049252986907959e-01,1.763401746749877930e+00,2.136830329895019531e+00,1.172257736325263977e-01,3.610153868794441223e-02,1.870137639343738556e-02,2.042605914175510406e-02,1.333169452846050262e-02,1.376726478338241577e-02,9.098532609641551971e-03,9.145461022853851318e-03,1.171642262488603592e-02,1.087980531156063080e-02,9.426845237612724304e-03,1.143298670649528503e-02,8.918910473585128784e-02,1.136170551180839539e-01,2.372312992811203003e-01,1.933514773845672607e-01,9.694122709333896637e-03,3.379749599844217300e-03,3.763360437005758286e-03,1.144313369877636433e-03,6.689445581287145615e-04,1.325111370533704758e-03,1.295478665269911289e-03,9.425543248653411865e-04,9.748306125402450562e-03,1.691766381263732910e-01,4.865433275699615479e-02,1.733154174871742725e-03,1.681703026406466961e-03,1.639177673496305943e-03,1.250907778739929199e-03,1.787179149687290192e-03,2.760314848273992538e-03,6.939538754522800446e-03,6.644842680543661118e-03,2.564303576946258545e-04,3.236399788875132799e-04,5.324546364136040211e-04,1.525557017885148525e-03,2.714521251618862152e-03,2.983314916491508484e-03,2.990063978359103203e-03,4.179787356406450272e-03,1.418806263245642185e-03,6.170036271214485168e-03,8.627809584140777588e-03,9.704135358333587646e-03,3.160947933793067932e-03,4.772519459947943687e-04,1.038181013427674770e-03,8.235793211497366428e-04,2.602128544822335243e-03,1.318660681135952473e-03,2.041258703684434295e-04,1.858857285697013140e-04,1.676957617746666074e-04,1.545602281112223864e-04,1.416888408130034804e-04,1.311479281866922975e-04,1.211315466207452118e-04,1.123741676565259695e-04,1.037687543430365622e-04,9.588342800270766020e-05,8.848190918797627091e-05,8.141544094542041421e-05,7.507102418458089232e-05,6.863802991574630141e-05,6.224661774467676878e-05,5.661603427142836154e-05,5.109375706524588168e-05,4.530328442342579365e-05,3.997454768978059292e-05,3.521377948345616460e-05,2.495599255780689418e-05,6.523683623527176678e-06
3.356976434588432312e-03,1.155615374445915222e-01,1.514621078968048096e-01,1.877446100115776062e-02,3.663240745663642883e-02,3.193648904561996460e-02,2.578534558415412903e-02,5.955849215388298035e-02,3.401910141110420227e-02,1.027199625968933105e-02,4.708371311426162720e-02,1.605912148952484131e-01,2.133046649396419525e-02,1.519365701824426651e-02,5.979822017252445221e-03,8.119728416204452515e-03,6.729391869157552719e-03,1.551961526274681091e-02,5.489915609359741211e-03,5.411057267338037491e-03,1.102094165980815887e-02,2.391896583139896393e-02,6.338634341955184937e-02,9.471645951271057129e-01,2.532625198364257812e+00,1.181107401847839355e+00,1.371165657043457031e+01,2.235377807617187500e+02,9.366995239257812500e+01,5.904474854469299316e-01,4.807885736227035522e-02,2.120298147201538086e-02,2.375912852585315704e-02,1.479217968881130219e-02,1.018768269568681717e-02,1.028486061841249466e-02,7.100760471075773239e-03,1.648724637925624847e-02,1.512790750712156296e-02,7.859105244278907776e-03,4.577123094350099564e-03,4.033253993839025497e-03,4.862279631197452545e-03,3.931073006242513657e-03,1.300411880947649479e-03,6.083528976887464523e-03,1.195154897868633270e-02,2.313743159174919128e-02,7.914077490568161011e-02,1.062536239624023438e-01,4.976001083850860596e-01,2.289143085479736328e+00,6.076506614685058594e+00,9.464259743690490723e-01,1.145850773900747299e-02,4.995619412511587143e-03,6.742373108863830566e-03,6.081400439143180847e-03,5.604716949164867401e-03,4.765540827065706253e-03,2.725144848227500916e-03,5.527157336473464966e-03,5.019641481339931488e-03,4.887389019131660461e-03,7.857935503125190735e-03,5.505341291427612305e-02,6.874484568834304810e-02,3.995805978775024414e-01,4.833114445209503174e-01,4.150976426899433136e-03,1.582819037139415741e-03,2.967107575386762619e-03,1.458615181036293507e-03,6.874736864119768143e-04,7.461848435923457146e-04,1.018037670291960239e-03,2.678532153367996216e-03,1.098943781107664108e-02,2.076802402734756470e-01,8.067558705806732178e-02,1.611050101928412914e-03,6.335863145068287849e-04,4.435411537997424603e-04,5.309492698870599270e-04,8.597270352765917778e-04,3.504428779706358910e-03,1.234925445169210434e-02,2.293802797794342041e-02,8.956791134551167488e-04,1.609804690815508366e-03,1.397308893501758575e-03,4.169500898569822311e-03,6.417871452867984772e-03,4.044949077069759369e-03,2.972681075334548950e-03,3.356561064720153809e-03,2.432945650070905685e-03,1.251192018389701843e-02,1.399599015712738037e-02,3.124281764030456543e-02,1.476409565657377243e-02,7.739649736322462559e-04,2.038497244939208031e-03,5.426915595307946205e-04,5.884077399969100952e-03,3.741505555808544159e-03,1.507027627667412162e-04,1.152236945927143097e-04,5.258881719782948494e-05,1.599844399606809020e-04,3.879089490510523319e-05,3.283917612861841917e-05,3.029106301255524158e-05,2.808016324706841260e-05,2.592072269180789590e-05,2.394923467363696545e-05,2.210334969277027994e-05,2.033434429904446006e-05,1.875834641396068037e-05,1.715332291496451944e-05,1.555632479721680284e-05,1.415893166267778724e-05,1.279117259400663897e-05,1.135282218456268311e-05,1.004833757178857923e-05,8.946299203671514988e-06,6.490519353974377736e-06,1.703918883322330657e-06
1.616838853806257248e-03,7.895569503307342529e-02,8.665708452463150024e-02,1.143106445670127869e-02,5.164632201194763184e-02,1.022438108921051025e-01,6.537666916847229004e-02,1.664552539587020874e-01,1.759658940136432648e-02,1.075939182192087173e-02,1.315272897481918335e-01,2.565534114837646484e-01,3.024757280945777893e-02,3.109305165708065033e-02,7.109609432518482208e-03,4.680534359067678452e-03,7.586243096739053726e-03,1.211116742342710495e-02,7.862723432481288910e-03,3.171626012772321701e-03,4.880268126726150513e-03,8.378866128623485565e-03,1.298548188060522079e-02,4.587908387184143066e-01,2.022461414337158203e+00,3.670042037963867188e+00,1.161406135559082031e+01,1.186233978271484375e+02,6.079039764404296875e+01,2.169005274772644043e-01,1.574057340621948242e-02,3.511861898005008698e-03,3.471077652648091316e-03,3.149801632389426231e-03,1.321261865086853504e-03,2.023520413786172867e-03,1.851863693445920944e-03,4.105562344193458557e-03,3.826559754088521004e-03,2.356631914153695107e-03,2.157203387469053268e-03,1.880660769529640675e-03,1.218666089698672295e-03,3.316110931336879730e-03,4.976565949618816376e-03,5.171963945031166077e-03,9.015345014631748199e-03,2.262958884239196777e-02,2.374412491917610168e-02,4.429057240486145020e-02,2.223135679960250854e-01,8.536083698272705078e-01,6.472474098205566406e+00,2.654482603073120117e+00,6.603282410651445389e-03,1.581668155267834663e-03,1.271407469175755978e-03,1.392342848703265190e-03,1.009349594824016094e-03,2.606695983558893204e-03,1.208411995321512222e-03,7.804171182215213776e-04,1.680622575804591179e-03,1.511618145741522312e-03,4.602582659572362900e-03,1.961966790258884430e-02,5.055088177323341370e-02,8.528686761856079102e-01,8.630286455154418945e-01,4.603625275194644928e-03,1.309357234276831150e-03,1.351456856355071068e-03,1.379463588818907738e-03,4.986216663382947445e-04,6.021243170835077763e-04,1.335547189228236675e-03,1.696159597486257553e-03,4.836549982428550720e-03,1.031248047947883606e-01,6.174835190176963806e-02,1.184053136967122555e-03,3.347649762872606516e-04,1.970026787603273988e-04,7.668011239729821682e-04,5.841043312102556229e-04,6.241534138098359108e-04,6.339514162391424179e-03,2.558964490890502930e-02,8.441940881311893463e-04,3.027372295036911964e-03,2.594321267679333687e-03,2.580775413662195206e-03,3.899588715285062790e-03,4.028695635497570038e-03,6.064851768314838409e-03,2.293543424457311630e-03,3.227161476388573647e-03,6.059887818992137909e-03,5.299019627273082733e-03,2.950568869709968567e-02,1.830551400780677795e-02,1.386449672281742096e-03,1.160041079856455326e-03,6.282862741500139236e-04,1.147939171642065048e-02,6.677890196442604065e-03,6.499520386569201946e-04,3.297864459455013275e-04,4.613749842974357307e-05,5.439395317807793617e-04,1.166590482171159238e-05,1.237646500840128283e-07,4.897087535482569365e-08,1.974665986281820551e-09,2.119490805085888496e-09,3.009045235202734148e-09,3.469746712170262981e-09,2.953475908284985962e-09,3.270914206154884596e-09,2.487059003186686823e-09,4.324497648866554300e-09,2.845370161708160595e-09,2.694475087494652144e-09,3.721851493665440103e-09,3.239442047942020508e-09,3.422253147533638185e-09,1.796686133204161706e-09,1.867318799586570321e-10
2.152842236682772636e-03,2.869369089603424072e-02,8.714744448661804199e-02,3.561729565262794495e-02,6.468369066715240479e-02,6.670626997947692871e-02,2.059565186500549316e-01,5.302933454513549805e-01,6.031086668372154236e-02,9.263016283512115479e-03,9.766990691423416138e-02,1.432318538427352905e-01,2.537458762526512146e-02,3.692355751991271973e-02,9.254525415599346161e-03,5.387497600167989731e-03,4.237360320985317230e-03,6.814759690314531326e-03,4.960544873028993607e-03,2.563414629548788071e-03,8.837391622364521027e-03,5.040145944803953171e-03,1.232772693037986755e-02,1.604530960321426392e-01,2.253409624099731445e-01,5.043117523193359375e+00,1.289269447326660156e+01,3.362466049194335938e+01,3.042297363281250000e+01,2.216892391443252563e-01,1.643763855099678040e-02,2.678948454558849335e-03,1.210136921145021915e-03,2.157867886126041412e-03,2.062588697299361229e-03,1.217177486978471279e-03,2.481738338246941566e-03,1.134221558459103107e-03,2.425240119919180870e-03,4.540953785181045532e-03,1.149579300545156002e-03,1.391085796058177948e-03,2.636841672938317060e-04,2.657780889421701431e-03,8.003478869795799255e-03,4.452166147530078888e-03,6.608793511986732483e-03,1.258138753473758698e-02,2.248617447912693024e-02,4.616869240999221802e-02,1.175029426813125610e-01,3.850520551204681396e-01,4.300369739532470703e+00,3.494908094406127930e+00,9.362547658383846283e-03,3.857493633404374123e-03,1.820910256356000900e-03,8.976745302788913250e-04,9.316155337728559971e-04,3.142387373372912407e-03,1.636127242818474770e-03,8.965692250058054924e-04,2.182530472055077553e-03,1.158740837126970291e-03,3.798036137595772743e-03,1.362847071141004562e-02,4.048911482095718384e-02,8.593178987503051758e-01,7.596898078918457031e-01,4.453434608876705170e-03,2.495557069778442383e-03,5.698119639419019222e-04,9.996639564633369446e-04,3.123040078207850456e-04,1.121403765864670277e-03,8.278162567876279354e-04,4.540459485724568367e-04,2.222767099738121033e-03,2.851495742797851562e-01,1.960498690605163574e-01,6.758871604688465595e-04,6.897691637277603149e-04,1.432467950507998466e-03,4.015854501631110907e-04,9.453338570892810822e-04,4.640737897716462612e-04,3.272909671068191528e-03,1.687465049326419830e-02,5.536046228371560574e-04,1.774093252606689930e-03,1.853839959949254990e-03,4.606691945809870958e-04,7.662776624783873558e-04,4.236680455505847931e-03,9.035648778080940247e-03,3.377366345375776291e-03,2.616452518850564957e-03,3.600043011829257011e-03,2.976645948365330696e-03,2.010415494441986084e-02,1.371931470930576324e-02,1.167102367617189884e-03,6.215028115548193455e-04,1.277348492294549942e-03,1.312927156686782837e-02,7.098007947206497192e-03,5.067722522653639317e-04,1.865749654825776815e-04,1.361831527901813388e-04,9.436313994228839874e-04,9.203154149872716516e-06,2.117110113886155887e-07,6.734924085094462498e-08,3.640362455925583163e-09,2.406075116923034329e-09,3.799030867668307110e-09,3.747484988991800492e-09,2.928183917561000271e-09,3.524200931082077659e-09,3.285675287401090827e-09,2.501910012497887692e-09,2.899990025895249346e-09,2.694175993411818126e-09,2.445591951172332301e-09,3.586273500388870161e-09,3.904475853744315827e-09,1.408001715219597827e-09,1.841251456857762037e-10
1.301365206018090248e-03,3.284081071615219116e-02,7.765217125415802002e-02,5.177355930209159851e-02,2.642197161912918091e-02,1.839835196733474731e-02,8.607607334852218628e-02,3.360460698604583740e-01,5.180069804191589355e-02,1.439381670206785202e-02,4.732811450958251953e-02,1.098960414528846741e-01,4.849734157323837280e-02,2.087477967143058777e-02,1.366394758224487305e-02,6.703519262373447418e-03,4.005503840744495392e-03,9.449513163417577744e-04,8.183775935322046280e-04,1.738772611133754253e-03,6.289703305810689926e-03,1.458740676753222942e-03,1.013321802020072937e-03,6.065187603235244751e-02,1.465423852205276489e-01,1.935878634452819824e+00,1.222729778289794922e+01,6.575299072265625000e+01,6.589778900146484375e+01,5.346277952194213867e-01,5.794864147901535034e-03,3.689473727717995644e-03,3.237692406401038170e-03,4.271417856216430664e-03,3.409841097891330719e-03,2.167489379644393921e-03,1.594797475263476372e-03,1.950773294083774090e-03,1.335365814156830311e-03,2.540259854868054390e-03,2.505426295101642609e-03,8.697048178873956203e-04,1.845560327637940645e-04,1.166236354038119316e-03,2.690546214580535889e-03,4.255404230207204819e-03,2.072876552119851112e-03,7.269095629453659058e-03,2.716854959726333618e-02,2.557564526796340942e-02,4.031076654791831970e-02,1.617552191019058228e-01,1.103379249572753906e+01,7.487296581268310547e+00,5.454395432025194168e-03,2.503785770386457443e-03,4.891834105364978313e-04,1.039227121509611607e-03,1.014181296341121197e-03,1.618127455003559589e-03,7.631821790710091591e-04,6.119803874753415585e-04,3.046098398044705391e-03,1.699134241789579391e-03,4.224405623972415924e-03,9.261911734938621521e-03,2.753636613488197327e-02,1.118391990661621094e+00,7.258983254432678223e-01,2.166469348594546318e-03,2.202498260885477066e-03,2.800102520268410444e-04,4.958673380315303802e-04,8.456518989987671375e-04,8.707467932254076004e-04,1.003446013783104718e-04,4.067553090862929821e-04,3.544990438967943192e-03,5.587171316146850586e-01,3.233680129051208496e-01,7.483009248971939087e-04,3.678053035400807858e-04,1.096085528843104839e-03,1.807495282264426351e-04,7.536629564128816128e-04,1.423943904228508472e-04,9.718701243400573730e-03,2.283280715346336365e-02,1.074092928320169449e-03,3.278962976764887571e-04,8.419503137702122331e-05,7.369364902842789888e-05,9.464629692956805229e-04,8.692918345332145691e-03,1.022750325500965118e-02,4.207254853099584579e-03,2.666072687134146690e-03,3.786544781178236008e-03,2.932671923190355301e-03,5.266797542572021484e-02,3.311129659414291382e-02,8.986417087726294994e-04,7.023126818239688873e-04,1.103287329897284508e-03,1.205808669328689575e-02,7.441559806466102600e-03,7.647202583029866219e-04,3.024732868652790785e-04,3.250303561799228191e-04,1.192486844956874847e-03,6.093736374168656766e-06,8.963248632198883570e-08,4.004536435786576476e-08,3.986419638835059231e-09,3.570359341509288242e-09,3.749287103005372046e-09,2.993333803047448782e-09,2.728704595611475270e-09,2.758123729407202518e-09,2.553320221920785116e-09,2.209610716619181403e-09,2.477895222341430781e-09,3.081457977671675508e-09,2.964024803375764350e-09,2.804477094997537279e-09,2.465230686254926695e-09,1.747146316510850284e-09,1.438641150652841816e-10
1.080843037925660610e-03,2.865614928305149078e-02,8.247031271457672119e-02,3.786309063434600830e-02,1.684226468205451965e-02,4.295361787080764771e-02,4.683718085289001465e-02,1.383008360862731934e-01,2.479149587452411652e-02,1.653901860117912292e-02,6.521128118038177490e-02,1.095300540328025818e-01,4.147303849458694458e-02,1.328608952462673187e-02,2.917072921991348267e-02,1.418746076524257660e-02,3.942812327295541763e-03,2.345684915781021118e-03,3.130460623651742935e-03,2.331526251509785652e-03,1.506738015450537205e-03,1.737845013849437237e-03,2.185336314141750336e-03,6.756774336099624634e-02,5.105699300765991211e-01,1.085832238197326660e+00,3.515655517578125000e+00,7.822893524169921875e+01,9.303067779541015625e+01,6.924294233322143555e-01,4.057525657117366791e-03,3.922332078218460083e-03,3.244301071390509605e-03,6.598434876650571823e-03,2.648976631462574005e-03,2.860671142116189003e-03,2.383233979344367981e-03,2.309212693944573402e-03,3.211537550669163465e-04,1.587837585248053074e-03,2.218170324340462685e-03,8.365461835637688637e-04,4.846284864470362663e-04,9.501946624368429184e-04,1.246491447091102600e-03,2.477498957887291908e-03,4.620119463652372360e-03,8.259586989879608154e-03,2.383217774331569672e-02,4.894023761153221130e-03,1.328963041305541992e-02,1.723894178867340088e-01,1.049740123748779297e+01,7.094652175903320312e+00,4.823330324143171310e-03,2.630173461511731148e-03,5.255576688796281815e-04,1.414753729477524757e-03,2.439563162624835968e-03,3.900153329595923424e-03,1.321235904470086098e-03,7.868398679420351982e-04,2.556528663262724876e-03,1.687611220404505730e-03,2.947869943454861641e-03,6.504722870886325836e-03,2.364505827426910400e-02,2.104092597961425781e+00,1.328844308853149414e+00,1.491718343459069729e-03,2.011130331084132195e-03,1.718598068691790104e-04,2.788334386423230171e-04,1.092510996386408806e-03,7.968346471898257732e-04,1.494544703746214509e-04,1.892941945698112249e-04,3.964217845350503922e-03,4.264567494392395020e-01,1.692463010549545288e-01,1.052357954904437065e-03,7.397502777166664600e-04,8.510408224537968636e-05,2.534232407924719155e-05,7.218817336251959205e-05,5.177887214813381433e-05,1.598998159170150757e-02,3.382601961493492126e-02,1.156260957941412926e-03,6.974249117774888873e-05,3.999081400252180174e-06,3.926261706510558724e-05,5.886027356609702110e-04,1.052498072385787964e-02,1.494986563920974731e-02,6.318314466625452042e-03,5.375540349632501602e-03,5.819728597998619080e-03,5.322732031345367432e-03,1.336266845464706421e-01,7.137729972600936890e-02,6.774551002308726311e-04,1.070962462108582258e-04,1.362553215585649014e-03,1.073831133544445038e-02,5.731146316975355148e-03,9.208071278408169746e-04,4.969552392140030861e-04,2.882442204281687737e-04,3.986235242336988449e-04,1.695633386589179281e-06,1.053709830500793032e-08,6.969281596269638612e-09,3.640197032694914014e-09,3.895479050441963409e-09,3.134986270580952805e-09,2.652566166716496809e-09,2.948319144380207035e-09,2.780378816069628556e-09,2.441879365377985778e-09,3.265811399089102451e-09,2.817304611824056337e-09,2.689681588563530568e-09,3.484431632116979927e-09,2.138137000784468000e-09,2.766009199461905155e-09,2.397794851560774987e-09,1.412052974547606254e-10
1.712726429104804993e-03,1.265170238912105560e-02,1.820649951696395874e-02,7.116261869668960571e-03,9.939653798937797546e-03,2.232071384787559509e-02,8.904580771923065186e-02,2.010866403579711914e-01,2.473621070384979248e-02,1.317108981311321259e-02,2.645957469940185547e-02,6.560796499252319336e-02,4.653699696063995361e-02,9.191232733428478241e-03,2.171659469604492188e-02,2.114447951316833496e-02,3.158724633976817131e-03,3.733433084562420845e-03,2.522540045902132988e-03,1.680980203673243523e-03,2.845155075192451477e-03,1.586267724633216858e-03,1.514722709544003010e-03,3.033185191452503204e-02,3.119435906410217285e-01,1.288556456565856934e+00,2.051185846328735352e+00,7.270114898681640625e+01,7.979708862304687500e+01,6.846701502799987793e-01,5.176941864192485809e-03,2.160098403692245483e-03,2.990685170516371727e-03,2.846899908035993576e-03,2.727870363742113113e-03,2.144682919606566429e-03,4.372003953903913498e-03,4.900508094578981400e-03,8.273842395283281803e-04,1.144172041676938534e-03,1.150171505287289619e-03,5.562974256463348866e-04,5.564087186940014362e-04,1.128387986682355404e-03,9.132048580795526505e-04,2.548390068113803864e-03,9.395538829267024994e-03,4.545236937701702118e-03,4.273757338523864746e-03,8.863448165357112885e-03,1.726322621107101440e-02,1.636840254068374634e-01,3.846663713455200195e+00,3.215222597122192383e+00,6.470093037933111191e-03,4.253244493156671524e-03,8.514401852153241634e-04,1.211928552947938442e-03,3.290569409728050232e-03,4.993076436221599579e-03,2.684713806957006454e-03,1.050132210366427898e-03,1.539527671411633492e-03,6.131215486675500870e-04,6.416635587811470032e-04,2.797880209982395172e-03,7.405114918947219849e-02,1.789026141166687012e+00,1.082884311676025391e+00,2.104787388816475868e-03,1.602042349986732006e-03,4.547765420284122229e-04,1.374309067614376545e-04,7.034654263406991959e-04,9.360527619719505310e-04,1.131196913775056601e-04,6.273366743698716164e-04,1.875692233443260193e-02,2.564500570297241211e-01,4.183454811573028564e-02,6.066185887902975082e-04,5.963984294794499874e-04,1.531439193058758974e-05,1.008239087241236120e-05,3.503425887174671516e-06,4.852044512517750263e-04,1.064905431121587753e-02,1.472549140453338623e-02,2.349447458982467651e-04,1.939480898727197200e-05,2.181936224587843753e-06,3.661031314550200477e-06,9.338896488770842552e-04,5.608044564723968506e-03,6.523935589939355850e-03,5.048562306910753250e-03,4.378734622150659561e-03,1.010672841221094131e-02,3.277083113789558411e-02,9.238165616989135742e-02,3.614688664674758911e-02,4.101433733012527227e-04,9.967352962121367455e-04,3.741256659850478172e-03,1.078450586646795273e-02,5.761892534792423248e-03,7.896384340710937977e-04,7.211174815893173218e-04,6.263742398004978895e-05,4.341728708823211491e-05,3.270968917945538124e-08,5.134289438046835130e-09,3.952325577927240374e-09,3.314140295529455216e-09,2.532144938172109505e-09,3.869021991675936079e-09,3.344461596554992866e-09,2.573316004728098960e-09,1.606584643099040477e-09,2.778460128638471360e-09,3.248265434407926477e-09,4.285843235862785150e-09,3.167820006311217185e-09,3.714337282190172118e-09,1.765415591492569547e-09,2.650428543304883533e-09,2.106781860078399404e-09,1.767067325797455624e-10
1.501874416135251522e-03,9.021406993269920349e-03,2.063104696571826935e-02,2.133062854409217834e-02,7.498255465179681778e-03,6.865167524665594101e-03,2.885965071618556976e-02,1.163133978843688965e-01,1.614480093121528625e-02,2.387505210936069489e-02,2.147013321518898010e-02,6.380198150873184204e-02,3.913994133472442627e-02,2.085364609956741333e-02,1.186309754848480225e-02,8.481567725539207458e-03,3.317102324217557907e-03,9.837012039497494698e-04,1.177310827188193798e-03,4.691086709499359131e-03,4.238687455654144287e-03,1.898834831081330776e-03,3.590146545320749283e-03,2.877753414213657379e-02,7.436916232109069824e-02,6.860273480415344238e-01,2.292658805847167969e+00,3.307545471191406250e+01,3.704906082153320312e+01,7.669897079467773438e-01,1.628919504582881927e-02,3.007359337061643600e-03,1.412358717061579227e-03,5.532443756237626076e-04,2.227413468062877655e-03,1.488636946305632591e-03,2.705684863030910492e-03,2.059659920632839203e-03,8.719783509150147438e-04,8.927311282604932785e-04,1.196853772853501141e-04,3.868057683575898409e-04,2.050726325251162052e-04,6.458338466472923756e-04,7.751720841042697430e-04,1.304213888943195343e-03,3.199169877916574478e-03,2.928422996774315834e-03,1.362244947813451290e-03,7.373717147856950760e-03,1.142650097608566284e-02,1.434264302253723145e+00,7.251019001007080078e+00,2.009840250015258789e+00,3.827069653198122978e-03,3.937581088393926620e-03,7.542044040746986866e-04,9.995986474677920341e-04,4.584834445267915726e-03,3.200383624061942101e-03,1.001268392428755760e-03,7.604721467941999435e-04,3.255709540098905563e-03,1.471831928938627243e-03,1.504352549090981483e-03,4.136307630687952042e-03,1.422673612833023071e-01,1.765282273292541504e+00,1.072558999061584473e+00,3.134107450023293495e-03,1.090040430426597595e-03,5.095098167657852173e-04,7.000314508331939578e-05,5.554286180995404720e-04,9.274268522858619690e-04,9.672978194430470467e-05,1.977931242436170578e-03,4.676797613501548767e-02,1.406489312648773193e-01,2.430397272109985352e-02,5.108607365400530398e-05,3.034051223949063569e-05,1.131238241214305162e-05,1.985043309105094522e-05,2.447251972625963390e-06,9.954895358532667160e-04,1.291154418140649796e-02,5.456850863993167877e-03,6.090219358156900853e-06,2.187123754993081093e-06,5.691236765414942056e-06,7.011198613326996565e-05,2.307356568053364754e-03,6.065113469958305359e-03,1.096864882856607437e-02,8.291593752801418304e-03,4.231336526572704315e-03,1.686993241310119629e-02,9.481789916753768921e-02,7.552940398454666138e-02,1.461984775960445404e-02,7.436844171024858952e-04,3.400652902200818062e-03,8.577878586947917938e-03,1.518637966364622116e-02,8.348803967237472534e-03,1.769342925399541855e-03,8.837029454298317432e-04,7.669423939660191536e-05,1.797549202819936909e-07,9.042140369786011433e-09,2.673690158161434738e-09,3.142412996481880327e-09,2.843301594168679003e-09,3.323696651236218713e-09,4.009129028759161883e-09,3.545178373087765067e-09,3.021072503273103393e-09,2.820877309517300091e-09,2.874687821119437103e-09,2.939866128315316018e-09,3.480580268444555259e-09,2.756525008251742292e-09,3.180425922622021062e-09,2.322555481271137978e-09,2.836629153790681812e-09,1.658338577570361849e-09,1.192567711250092088e-10
8.599857101216912270e-04,6.730180699378252029e-03,1.176098082214593887e-02,1.821784488856792450e-02,1.001192256808280945e-02,1.351000927388668060e-02,1.689083687961101532e-02,1.025420874357223511e-01,2.142388559877872467e-02,1.819998212158679962e-02,2.299155108630657196e-02,3.692844137549400330e-02,3.232673183083534241e-02,1.848164759576320648e-02,1.731624640524387360e-02,1.151273585855960846e-02,4.260971210896968842e-03,1.825230661779642105e-03,4.112611990422010422e-03,5.356707144528627396e-03,4.243455361574888229e-03,2.088777255266904831e-03,5.361480638384819031e-03,2.602319046854972839e-02,4.199438542127609253e-02,4.951195120811462402e-01,6.652245521545410156e+00,8.037205505371093750e+01,5.394749069213867188e+01,1.154169678688049316e+00,1.478661503642797470e-02,2.564947586506605148e-03,2.956904470920562744e-03,2.474398352205753326e-03,5.745013244450092316e-03,1.791953691281378269e-03,1.358983223326504230e-03,2.085789456032216549e-04,5.164745380170643330e-04,5.099631380289793015e-04,6.605656380997970700e-05,4.820689209736883640e-04,1.839377364376559854e-04,9.886404732242226601e-04,2.427184954285621643e-03,1.936312415637075901e-03,3.451946657150983810e-03,4.392618779093027115e-03,3.993556834757328033e-03,2.322003711014986038e-03,6.141077261418104172e-03,3.246489524841308594e+00,1.254251194000244141e+01,1.494830489158630371e+00,9.558116085827350616e-03,3.277194919064640999e-03,2.909066155552864075e-03,2.672433853149414062e-03,5.853629205375909805e-03,2.676068572327494621e-03,2.339785569347441196e-04,8.999494602903723717e-04,6.617070175707340240e-03,2.457193797454237938e-03,5.717589985579252243e-03,8.604580536484718323e-03,1.804873943328857422e-01,1.253471970558166504e+00,6.372112035751342773e-01,6.095368415117263794e-03,9.009402128867805004e-04,1.304528268519788980e-04,3.494604607112705708e-05,7.878126052673906088e-05,3.088781959377229214e-04,1.817457232391461730e-04,1.287647522985935211e-03,3.973255306482315063e-02,6.226820498704910278e-02,6.461543496698141098e-03,1.305893056269269437e-05,6.925893103471025825e-06,8.312214959005359560e-06,1.600988980499096215e-05,1.066512868419522420e-05,1.028974074870347977e-03,1.372097339481115341e-02,2.083119237795472145e-03,2.021110994974151254e-04,2.636779208842199296e-05,7.544311665697023273e-05,1.580454991199076176e-03,4.806636832654476166e-03,6.333429366350173950e-03,1.339272037148475647e-02,1.097404398024082184e-02,7.154197432100772858e-03,2.352627739310264587e-02,1.067331880331039429e-01,8.711921423673629761e-02,2.084262669086456299e-02,1.676841522566974163e-03,4.493479151278734207e-03,1.252425741404294968e-02,1.275011245161294937e-02,5.184091627597808838e-03,1.582354190759360790e-03,3.244914812967181206e-03,7.836452568881213665e-04,4.329690455051604658e-07,1.964485463190612791e-08,3.268607828843528296e-09,3.301263040711432950e-09,2.827010847639144231e-09,3.166446438385150941e-09,2.454933589746133293e-09,2.822269529190180037e-09,2.855195857520698155e-09,3.496862577279102879e-09,2.738634430343722670e-09,3.041938034797908585e-09,2.916250352313909389e-09,3.220651523250239734e-09,3.010905968992005910e-09,3.592891761883265644e-09,3.069431597779725962e-09,1.767315849221517965e-09,1.099875190924137769e-10
6.924981134943664074e-04,1.341248024255037308e-02,1.304562110453844070e-02,4.421548917889595032e-03,1.321161631494760513e-02,1.955091394484043121e-02,2.678881585597991943e-02,7.718653976917266846e-02,8.955888450145721436e-03,6.180470343679189682e-03,1.093904487788677216e-02,5.147232115268707275e-02,3.577480465173721313e-02,1.797637343406677246e-02,1.051433291286230087e-02,4.731224384158849716e-03,1.421583699993789196e-03,2.342085354030132294e-03,4.542826209217309952e-03,1.908237114548683167e-03,6.935826037079095840e-03,3.532489761710166931e-03,2.781468676403164864e-03,2.540290541946887970e-02,4.888959228992462158e-02,2.545304894447326660e-01,2.358040046691894531e+01,2.938202819824218750e+02,9.923558807373046875e+01,8.357678055763244629e-01,1.055337395519018173e-02,3.315032459795475006e-03,3.329843515530228615e-03,2.047031885012984276e-03,6.383001338690519333e-03,3.092515049502253532e-03,1.009303843602538109e-03,2.711392298806458712e-04,2.804915711749345064e-04,1.884671219158917665e-04,9.350476466352120042e-05,2.977558469865471125e-04,1.185655637527815998e-04,6.690641166642308235e-04,2.384365536272525787e-03,2.378267003223299980e-03,2.592845354229211807e-03,2.765921177342534065e-03,2.471321262419223785e-03,2.150134183466434479e-03,7.442468404769897461e-02,3.883682250976562500e+00,4.551861286163330078e+00,6.904147863388061523e-01,1.173169538378715515e-02,3.377405460923910141e-03,3.665320575237274170e-03,7.818605750799179077e-03,1.151507720351219177e-02,6.817281246185302734e-03,1.794575131498277187e-03,1.287613646127283573e-03,5.980825051665306091e-03,3.639640752226114273e-03,6.194947287440299988e-03,1.295038685202598572e-02,4.068248569965362549e-01,9.509793519973754883e-01,2.488109320402145386e-01,5.812724120914936066e-03,5.239385645836591721e-04,1.140579261118546128e-04,4.039845225634053349e-05,4.826472286367788911e-05,3.106283838860690594e-04,3.139209002256393433e-04,6.308362353593111038e-04,5.257043987512588501e-02,7.122205197811126709e-02,4.563295748084783554e-03,5.671726539731025696e-04,6.593927973881363869e-04,1.700032589724287391e-05,3.219306017854250968e-05,2.288742507516872138e-05,3.899542381986975670e-03,1.356788910925388336e-02,1.300526666454970837e-03,2.012620912864804268e-03,2.402712270850315690e-04,1.705819158814847469e-04,3.969965036958456039e-03,4.928881302475929260e-03,8.458549156785011292e-03,6.259008310735225677e-03,9.562995284795761108e-03,8.700852282345294952e-03,2.788388356566429138e-02,1.123549267649650574e-01,7.213050127029418945e-02,1.037896703928709030e-02,2.040426712483167648e-03,7.899431511759757996e-03,1.930052414536476135e-02,8.976278826594352722e-03,1.860463758930563927e-03,1.410763361491262913e-03,3.221800085157155991e-03,8.304317016154527664e-04,3.721528969435894396e-07,1.675405414403030591e-08,3.416822158541776844e-09,2.928023157267034549e-09,2.144731503506136505e-09,2.903743467896902075e-09,3.263051606694489237e-09,2.655828001962845519e-09,2.816325617160941874e-09,3.331048326060681575e-09,2.872502902206974795e-09,2.785874642086128006e-09,3.426639860748537103e-09,3.944305770886558093e-09,2.887735384149436868e-09,3.278044946597447051e-09,2.997284198613670014e-09,1.779187797090742151e-09,1.324108600542217573e-10
5.786509136669337749e-04,1.247733738273382187e-02,1.712488196790218353e-02,1.596743008121848106e-03,6.769432220607995987e-03,1.215764041990041733e-02,1.296465471386909485e-02,6.656278669834136963e-02,1.619439572095870972e-02,6.508136168122291565e-03,8.799107745289802551e-03,3.569620475172996521e-02,3.261870518326759338e-02,1.457644440233707428e-02,2.821632893756031990e-03,5.665259901434183121e-03,5.227189976722002029e-03,2.036631340160965919e-03,1.357616623863577843e-03,1.421910594217479229e-03,7.437342777848243713e-03,1.804144866764545441e-02,1.863599382340908051e-02,2.024992369115352631e-02,9.341129660606384277e-02,8.404417335987091064e-02,2.842747497558593750e+01,2.459531097412109375e+02,3.963138198852539062e+01,2.280689477920532227e-01,2.299404330551624298e-02,1.441193372011184692e-02,2.573236590251326561e-03,1.823813188821077347e-03,3.614790737628936768e-03,2.179424045607447624e-03,1.341570168733596802e-03,5.941560957580804825e-04,1.110619923565536737e-04,3.889901272486895323e-04,1.559556985739618540e-04,8.396505290875211358e-05,1.604020362719893456e-04,4.717471601907163858e-04,7.568162982352077961e-04,1.298177870921790600e-03,1.248767483048141003e-03,2.894021570682525635e-03,2.515073632821440697e-03,2.474386943504214287e-03,1.160085052251815796e-01,3.898295879364013672e+00,2.207881212234497070e+00,2.517086565494537354e-01,6.615687161684036255e-03,2.728967927396297455e-03,3.006733488291501999e-03,6.931759882718324661e-03,6.284010130912065506e-03,1.386770419776439667e-02,7.239399477839469910e-03,2.097489312291145325e-03,4.529326688498258591e-03,2.311559161171317101e-03,5.262041930109262466e-03,1.487895287573337555e-02,1.433434486389160156e+00,1.863119244575500488e+00,4.445650577545166016e-01,4.069203976541757584e-03,6.066507194191217422e-04,1.338722941000014544e-04,4.643541979021392763e-05,1.665995660005137324e-04,7.204301655292510986e-04,1.043017604388296604e-03,2.122973091900348663e-03,4.725225642323493958e-02,7.673166692256927490e-02,5.505459383130073547e-03,1.548432162962853909e-03,2.027278766036033630e-03,2.231297403341159225e-04,3.974087667302228510e-05,4.651951894629746675e-05,4.730063490569591522e-03,2.289924025535583496e-02,2.652549650520086288e-03,2.443473553285002708e-03,3.509178350213915110e-04,2.491420309524983168e-04,2.844252390787005424e-03,7.375704124569892883e-03,1.559831388294696808e-02,5.670514889061450958e-03,7.565285079181194305e-03,7.262736558914184570e-03,2.902267500758171082e-02,1.143834739923477173e-01,6.241612508893013000e-02,6.438700947910547256e-03,1.529985340312123299e-03,4.379538353532552719e-03,1.060936972498893738e-02,5.442664958536624908e-03,1.322073163464665413e-03,4.830571706406772137e-04,1.055619795806705952e-03,1.240665296791121364e-04,1.444383030957396841e-07,9.863109440289008489e-09,4.582773271977202967e-09,2.661539877379937025e-09,1.532277749127786137e-09,2.506887586406492119e-09,4.560066546588359415e-09,2.295732492996194196e-09,2.177962699079216691e-09,2.864612103081753958e-09,2.399171750155915106e-09,2.616088234930202816e-09,2.849232183521621664e-09,3.451571917167939318e-09,3.258141312301177095e-09,2.644340302282444100e-09,2.742646554310113061e-09,1.928887272129031771e-09,1.130633781043499653e-10
4.791453829966485500e-04,5.470575299113988876e-03,1.191553100943565369e-02,1.318772416561841965e-02,1.470543164759874344e-02,2.204989641904830933e-02,1.412449032068252563e-02,6.354264169931411743e-02,8.868498727679252625e-03,7.697556167840957642e-03,1.156756840646266937e-02,1.223446056246757507e-02,1.216456480324268341e-02,8.467550389468669891e-03,2.070834394544363022e-03,4.960963502526283264e-03,3.725713817402720451e-03,1.633378327824175358e-03,6.359575781971216202e-04,1.038450165651738644e-03,5.105815362185239792e-03,2.895633131265640259e-02,5.337834358215332031e-02,8.045636117458343506e-03,8.256682008504867554e-02,3.325212746858596802e-02,2.827792549133300781e+01,1.182912902832031250e+02,3.006791114807128906e+00,3.009437620639801025e-01,2.145388536155223846e-02,9.231234900653362274e-03,2.089526504278182983e-03,1.123763271607458591e-03,1.379745895974338055e-03,2.258912194520235062e-03,8.505442528985440731e-04,7.630785112269222736e-04,1.707507180981338024e-04,3.608699771575629711e-04,7.311749504879117012e-04,3.420305147301405668e-04,4.448909312486648560e-04,1.228552195243537426e-03,1.500351587310433388e-03,8.184437174350023270e-04,1.369449193589389324e-03,2.294860780239105225e-03,6.140686571598052979e-03,2.086110878735780716e-03,6.333297491073608398e-02,3.187517642974853516e+00,2.591167926788330078e+00,8.559318631887435913e-02,3.300560871139168739e-03,1.700935419648885727e-03,3.339660353958606720e-03,3.261170350015163422e-03,4.469316452741622925e-03,2.101410366594791412e-02,1.158589310944080353e-02,1.997188664972782135e-03,3.340194234624505043e-03,4.683086182922124863e-03,7.907499559223651886e-03,8.615919388830661774e-03,1.197218894958496094e+00,1.005304932594299316e+00,2.636562883853912354e-01,2.456369576975703239e-03,5.871795001439750195e-04,9.864461026154458523e-05,2.555237369961105287e-05,2.166595950257033110e-04,1.393946353346109390e-03,1.664164243265986443e-03,4.313731566071510315e-03,1.090574413537979126e-01,1.303535401821136475e-01,5.551582202315330505e-03,4.840966139454394579e-04,1.301302108913660049e-03,7.358145085163414478e-04,3.934427877538837492e-05,2.037430240307003260e-04,3.766726702451705933e-03,1.152787171304225922e-02,1.348604098893702030e-03,1.112302765250205994e-03,1.529546862002462149e-04,7.277984987013041973e-04,3.944131545722484589e-03,7.240023463964462280e-03,1.216772384941577911e-02,6.404419429600238800e-03,8.210001513361930847e-03,8.764100261032581329e-03,1.521566789597272873e-02,6.946022808551788330e-02,3.472808003425598145e-02,4.631104413419961929e-03,3.595448331907391548e-03,3.129168646410107613e-03,6.859868299216032028e-03,5.278764758259057999e-03,1.412440207786858082e-03,7.246370660141110420e-04,1.571236993186175823e-03,3.769504837691783905e-04,3.254636453675630037e-07,1.879182676134405483e-08,4.153535737572155995e-09,2.006735000392723123e-09,2.056080861123632531e-09,2.379011654340956738e-09,3.355250965952905062e-09,2.953297828511836087e-09,2.929570808163362017e-09,2.348020222697755344e-09,2.243957686332009871e-09,2.184800784732487955e-09,3.622594002550272307e-09,3.252424995991987089e-09,2.835890633434701158e-09,1.468776211765998596e-09,2.362095408159348153e-09,2.094618700709816039e-09,1.617755096550155258e-10
2.315507445018738508e-04,3.712452249601483345e-03,1.091962400823831558e-02,2.006056718528270721e-02,3.594339638948440552e-02,1.413391530513763428e-02,1.660257764160633087e-02,6.515564024448394775e-02,1.264150440692901611e-02,5.748659372329711914e-03,1.522285118699073792e-02,1.795196905732154846e-02,1.079669129103422165e-02,3.292003180831670761e-03,1.502017956227064133e-03,7.956156041473150253e-04,4.693835508078336716e-04,1.444092253223061562e-03,7.882706122472882271e-04,1.857400755397975445e-03,8.020486682653427124e-03,2.391683310270309448e-02,4.429962858557701111e-02,9.870786219835281372e-03,5.739065632224082947e-02,1.497121304273605347e-01,3.179116630554199219e+01,1.224919357299804688e+02,3.683427333831787109e+00,2.220628559589385986e-01,3.844837844371795654e-02,6.046597845852375031e-03,3.749086288735270500e-03,3.225098131224513054e-03,9.981094626709818840e-04,2.839429304003715515e-03,2.391103655099868774e-03,9.744909475557506084e-04,3.972736885771155357e-04,1.790300244465470314e-03,2.934767864644527435e-03,9.963470511138439178e-04,5.941095878370106220e-04,7.154675549827516079e-04,7.623074925504624844e-04,6.151196430437266827e-04,3.275820752605795860e-03,2.186004072427749634e-03,5.201545078307390213e-03,3.803142579272389412e-03,4.449500888586044312e-02,6.592715263366699219e+00,4.590188026428222656e+00,8.744809776544570923e-02,1.489709713496267796e-03,2.786817029118537903e-03,2.652242546901106834e-03,3.369096433743834496e-03,7.706979289650917053e-03,1.948685757815837860e-02,1.362221874296665192e-02,2.070327522233128548e-03,3.288496285676956177e-03,4.969881847500801086e-03,3.692853264510631561e-03,1.391823403537273407e-02,8.232391476631164551e-01,7.496817111968994141e-01,1.048561185598373413e-01,4.565022885799407959e-03,2.434984635328873992e-04,3.657023262348957360e-05,1.244054146809503436e-05,5.811531445942819118e-05,5.183392204344272614e-04,2.412401139736175537e-03,6.758860312402248383e-03,1.170174926519393921e-01,1.145950555801391602e-01,3.442890942096710205e-03,5.867934087291359901e-04,2.863338741008192301e-04,2.226632641395553946e-04,3.489407390588894486e-05,2.268522948725149035e-04,4.789478611201047897e-03,7.237723097205162048e-03,1.343852258287370205e-03,8.674505079397931695e-05,2.327148285985458642e-05,7.398766465485095978e-04,2.699671545997262001e-03,4.844410344958305359e-03,2.031099237501621246e-02,1.282811537384986877e-02,2.395394071936607361e-02,1.322569046169519424e-02,2.481482736766338348e-02,6.642380356788635254e-02,2.947794087231159210e-02,4.370637238025665283e-03,4.722241312265396118e-03,4.402687307447195053e-03,1.277225464582443237e-02,8.374383673071861267e-03,1.998359104618430138e-03,1.725676585920155048e-03,4.908405710011720657e-03,1.407322939485311508e-03,2.286786184413358569e-06,6.840986088718636893e-08,4.159856903385161786e-09,2.090533524068405313e-09,1.584932407538985899e-09,1.812654915056555183e-09,2.151710143394325314e-09,2.774089624679731969e-09,2.286504985349324670e-09,1.854207898333015692e-09,1.922225045802861132e-09,3.263773473705100514e-09,3.980535012715336052e-09,3.408768822765750883e-09,2.522681841199414521e-09,1.853275755081540410e-09,2.464964898862831433e-09,1.789612014135855134e-09,1.599753524095248736e-10
7.627847662661224604e-05,1.824490143917500973e-03,3.614563029259443283e-03,7.231724448502063751e-03,2.304866351187229156e-02,1.196464896202087402e-02,8.371432311832904816e-03,4.189125820994377136e-02,1.342342887073755264e-02,5.693831946700811386e-03,1.694839634001255035e-02,9.251408278942108154e-03,7.379009854048490524e-03,8.494822308421134949e-03,2.561843022704124451e-03,9.416628163307905197e-04,6.537529407069087029e-04,2.416506176814436913e-03,4.163958132266998291e-03,2.730117179453372955e-03,1.726475358009338379e-02,4.842262715101242065e-02,1.349726878106594086e-02,6.412895396351814270e-03,4.087380692362785339e-02,2.036496549844741821e-01,3.282339477539062500e+01,1.271462173461914062e+02,6.063094615936279297e+00,3.546507358551025391e-01,6.578139215707778931e-02,7.079388014972209930e-03,4.086997359991073608e-03,3.804353065788745880e-03,2.553261118009686470e-03,2.238221466541290283e-03,7.799508748576045036e-04,7.045296370051801205e-04,3.625056997407227755e-04,1.389625947922468185e-03,1.653845305554568768e-03,4.134384798817336559e-04,1.174818607978522778e-04,1.735837431624531746e-04,2.256206498714163899e-04,6.535803549923002720e-04,4.969394765794277191e-03,5.155257880687713623e-03,2.286842325702309608e-03,8.242150768637657166e-03,3.705166578292846680e-01,6.970907211303710938e+00,2.673146486282348633e+00,6.282389163970947266e-02,2.333972137421369553e-03,7.353437598794698715e-03,3.185499925166368484e-03,3.158301813527941704e-03,1.519517507404088974e-02,2.665427885949611664e-02,1.187952794134616852e-02,1.541754696518182755e-03,5.849228240549564362e-03,4.707611165940761566e-03,6.034701131284236908e-03,4.275523498654365540e-02,2.250943660736083984e+00,7.350280284881591797e-01,7.349392026662826538e-02,4.096351563930511475e-03,4.882502835243940353e-04,5.234198033576831222e-05,2.562466761446557939e-05,4.621886182576417923e-04,9.074400877580046654e-04,3.025775309652090073e-03,1.931448280811309814e-02,1.942697018384933472e-01,5.889669805765151978e-02,3.052624873816967010e-03,5.985106108710169792e-04,6.810488230257760733e-06,1.994581907638348639e-05,4.690515197580680251e-05,1.898331538541242480e-04,8.845780044794082642e-03,9.107619524002075195e-03,2.107073087245225906e-03,5.510144983418285847e-04,9.324937309429515153e-06,8.121856953948736191e-04,5.189050454646348953e-03,6.312048062682151794e-03,1.569607853889465332e-02,1.532607711851596832e-02,2.298262342810630798e-02,9.488970041275024414e-03,5.115509778261184692e-02,1.155919060111045837e-01,4.276401177048683167e-02,7.378686219453811646e-03,4.333258140832185745e-03,7.921205833554267883e-03,1.834028027951717377e-02,7.095446344465017319e-03,2.353352960199117661e-03,2.479604445397853851e-03,5.155065096914768219e-03,2.717582974582910538e-03,7.698940862610470504e-06,9.995503091886348557e-08,5.013585102631168411e-09,2.491205686183661783e-09,2.045849045728687088e-09,2.265654552857654380e-09,1.690710238477777239e-09,2.319048730825556959e-09,2.661149300919873895e-09,2.569044754707761058e-09,2.826129774646801707e-09,4.315788615372184722e-09,3.309085450098336878e-09,2.227653839170784522e-09,2.084661332446557935e-09,2.170875035290009691e-09,1.939603588851923632e-09,1.572804553262585614e-09,1.813419275853433987e-10
1.743763423291966319e-04,8.744591614231467247e-04,1.833995454944670200e-03,1.334812026470899582e-02,1.298906933516263962e-02,1.256672386080026627e-02,6.120366510003805161e-03,2.141064405441284180e-02,3.786145942285656929e-03,6.705427076667547226e-03,1.678872667253017426e-02,4.554971121251583099e-03,9.224196895956993103e-03,9.039089083671569824e-03,1.517708529718220234e-03,7.359639275819063187e-04,9.236794430762529373e-04,1.635075896047055721e-03,3.184505505487322807e-03,3.640386275947093964e-03,9.292358532547950745e-03,4.840173199772834778e-02,1.233944576233625412e-02,7.743013557046651840e-03,2.519249543547630310e-02,3.286462128162384033e-01,1.538143825531005859e+01,7.898344421386718750e+01,2.429793357849121094e+00,8.327411115169525146e-02,2.711655758321285248e-02,1.339145749807357788e-02,1.299263071268796921e-02,1.635223254561424255e-02,6.105869542807340622e-03,3.796303179115056992e-03,6.719653028994798660e-04,3.427605843171477318e-04,1.727232011035084724e-04,8.743859943933784962e-04,2.098680124618113041e-04,1.523658429505303502e-04,3.562288475222885609e-04,8.487590093864127994e-05,2.560029679443687201e-04,4.918493214063346386e-04,1.922713126987218857e-03,2.258828375488519669e-03,3.455424215644598007e-03,2.346662804484367371e-02,1.060285210609436035e+00,4.617950916290283203e+00,8.590825796127319336e-01,4.928215220570564270e-02,3.302009077742695808e-03,9.701086208224296570e-03,5.516053177416324615e-03,2.278222236782312393e-03,7.168794050812721252e-03,6.821487098932266235e-03,1.433555316179990768e-02,3.834928618744015694e-03,2.499303082004189491e-03,2.381516154855489731e-03,4.471083637326955795e-03,4.071513563394546509e-02,5.451697349548339844e+00,1.257602572441101074e+00,2.692809142172336578e-02,4.314745776355266571e-03,1.934578525833785534e-03,9.689453290775418282e-04,8.014398190425708890e-05,1.268187654204666615e-03,1.447263173758983612e-03,1.778124715201556683e-03,3.029102645814418793e-02,3.640676438808441162e-01,7.144633680582046509e-02,2.777597866952419281e-03,4.226516757626086473e-04,9.450020115764345974e-06,2.381014201091602445e-05,8.821981464279815555e-05,2.267878007842227817e-04,1.323484908789396286e-02,1.086539588868618011e-02,2.204852644354104996e-03,1.195374992676079273e-03,9.739413144416175783e-06,7.070908905006945133e-04,2.807802986353635788e-03,1.267534028738737106e-02,1.893804781138896942e-02,1.020846795290708542e-02,1.218498125672340393e-02,9.984269738197326660e-03,2.963981777429580688e-02,8.938910812139511108e-02,2.787012420594692230e-02,5.963950883597135544e-03,3.293436951935291290e-03,1.321816444396972656e-02,1.919805631041526794e-02,7.046768441796302795e-03,2.765133976936340332e-03,2.499002497643232346e-03,2.860998502001166344e-03,1.560697215609252453e-03,5.077216428617248312e-06,4.164521882898952754e-08,5.921484191873105374e-09,2.557848821638231129e-09,2.788507869055933952e-09,3.615583166194369369e-09,2.151708589082090839e-09,3.409239779372796875e-09,3.026079387069557924e-09,2.515494701427201107e-09,2.662118747664976581e-09,2.561161061009897821e-09,2.609309879275656385e-09,2.751874061956982587e-09,3.170881779368528441e-09,2.575074375954500283e-09,3.350044908145832778e-09,1.789995707213165588e-09,1.712656960695113639e-10
9.092394611798226833e-04,2.421677345409989357e-03,5.563854705542325974e-03,1.117314118891954422e-02,8.022010326385498047e-03,4.789360798895359039e-03,7.100216578692197800e-03,3.138308227062225342e-02,5.472891964018344879e-03,4.959639627486467361e-03,1.629839092493057251e-02,3.969755489379167557e-03,5.472185555845499039e-03,2.600235166028141975e-03,1.351118553429841995e-03,3.312673070468008518e-04,1.892016152851283550e-04,3.071408718824386597e-04,6.344005232676863670e-04,2.811047015711665154e-03,3.831686219200491905e-03,1.056754868477582932e-02,4.610427655279636383e-03,3.059311769902706146e-03,1.355146896094083786e-02,2.397975772619247437e-01,1.572319889068603516e+01,6.331761932373046875e+01,5.209146499633789062e+00,5.141764134168624878e-02,1.196109876036643982e-02,2.315197326242923737e-02,1.117298286408185959e-02,1.096855755895376205e-02,5.551767069846391678e-03,4.775567911565303802e-03,9.543841588310897350e-04,4.275773535482585430e-04,1.311694359173998237e-04,4.544469702523201704e-04,3.869925276376307011e-04,1.293435343541204929e-04,6.393307121470570564e-04,2.452032058499753475e-04,6.622851360589265823e-04,8.232101099565625191e-04,1.846800092607736588e-03,2.029539551585912704e-03,4.441642668098211288e-03,2.289606072008609772e-02,7.247250676155090332e-01,8.200148582458496094e+00,1.527272939682006836e+00,2.936659753322601318e-02,4.245528485625982285e-03,8.451661095023155212e-03,6.782965268939733505e-03,3.352525411173701286e-03,1.024490036070346832e-02,5.428586155176162720e-03,8.379363454878330231e-03,3.970136865973472595e-03,5.110908299684524536e-03,5.787943489849567413e-03,8.065883070230484009e-03,2.850798889994621277e-02,5.995823383331298828e+00,1.957176923751831055e+00,3.936365619301795959e-02,8.480499498546123505e-03,4.925278481096029282e-03,2.813148312270641327e-03,5.666251527145504951e-04,7.292347727343440056e-04,1.021832693368196487e-03,1.357153640128672123e-03,1.775731332600116730e-02,4.081081151962280273e-01,6.430818140506744385e-02,4.418120719492435455e-03,1.188824418932199478e-03,4.978218566975556314e-05,6.619626219617202878e-05,1.299522846238687634e-04,3.610419516917318106e-04,1.804831251502037048e-02,1.480442937463521957e-02,3.375847591087222099e-03,2.694281574804335833e-04,8.687286026543006301e-06,6.270796293392777443e-04,1.880542491562664509e-03,1.046776585280895233e-02,1.286064554005861282e-02,9.005496278405189514e-03,9.603245183825492859e-03,1.118850708007812500e-02,2.210610546171665192e-02,6.977226585149765015e-02,1.592315360903739929e-02,3.897756105288863182e-03,2.771038329228758812e-03,6.278881337493658066e-03,7.616952061653137207e-03,4.329165909439325333e-03,1.348408288322389126e-03,4.168421146459877491e-04,1.131333294324576855e-03,2.516270615160465240e-04,3.606513018894474953e-06,2.670602043508552015e-06,2.765226781775709242e-06,2.658636958585702814e-06,2.535004568926524371e-06,2.429252845104201697e-06,2.319608029210940003e-06,2.188849293816019781e-06,2.086433596559800208e-06,1.986554934774176218e-06,1.922440560520044528e-06,1.853655703598633409e-06,1.818098439798632171e-06,1.782532990546314977e-06,1.757559516590845305e-06,1.735430487315170467e-06,1.786369011824717745e-06,1.686508653619966935e-06,1.194701667373010423e-06
3.880401374772191048e-03,4.001848865300416946e-03,3.842650447040796280e-03,2.655609743669629097e-03,4.350884351879358292e-03,4.800401628017425537e-03,1.183036994189023972e-02,2.341954782605171204e-02,2.948646200820803642e-03,5.248390138149261475e-03,8.527250960469245911e-03,3.134039463475346565e-03,3.831833600997924805e-03,2.925525885075330734e-03,1.749270129948854446e-03,6.561366608366370201e-04,2.231441467301920056e-04,4.397927550598978996e-04,1.383983646519482136e-03,6.903877016156911850e-03,8.439951576292514801e-03,3.335694083943963051e-03,3.173816716298460960e-03,2.203800482675433159e-03,1.458127703517675400e-02,7.814957201480865479e-02,6.912642478942871094e+00,2.158697319030761719e+01,3.687734603881835938e+00,4.675158113241195679e-02,9.012841619551181793e-03,7.634040899574756622e-03,3.119306638836860657e-03,3.961348440498113632e-03,2.136276336386799812e-03,1.938730478286743164e-03,5.364841781556606293e-04,6.843533483333885670e-04,4.079883510712534189e-04,6.175583112053573132e-04,1.134528894908726215e-03,1.019329531118273735e-03,1.893090549856424332e-03,1.595061621628701687e-03,2.715552691370248795e-03,3.637503832578659058e-03,7.185499649494886398e-03,6.565390154719352722e-03,7.056149654090404510e-03,2.445130050182342529e-02,4.350990653038024902e-01,4.240784645080566406e+00,8.551595211029052734e-01,4.379967600107192993e-02,7.374675013124942780e-03,4.045384470373392105e-03,5.679237656295299530e-03,2.588029950857162476e-03,5.428120028227567673e-03,5.661294329911470413e-03,3.529133740812540054e-03,3.094242885708808899e-03,5.903302691876888275e-03,1.342231035232543945e-02,3.212663531303405762e-02,1.216125190258026123e-01,3.974255323410034180e+00,1.947278857231140137e+00,5.975170433521270752e-02,1.561929658055305481e-02,8.469708263874053955e-03,5.351602565497159958e-03,3.472858341410756111e-03,2.846382325515151024e-03,2.246873686090111732e-03,1.883194316178560257e-03,9.145049378275871277e-03,1.162092089653015137e-01,2.066071331501007080e-02,2.635574433952569962e-03,1.514520146884024143e-03,3.069508529733866453e-04,3.276440838817507029e-04,3.807063621934503317e-04,1.341189257800579071e-03,1.953005976974964142e-02,1.600241474807262421e-02,1.740043982863426208e-03,5.083911310066469014e-05,1.091340618586400524e-05,4.250012570992112160e-04,1.306835911236703396e-03,3.237520577386021614e-03,3.287217579782009125e-03,3.010154701769351959e-03,3.562523052096366882e-03,5.185022950172424316e-03,1.329659391194581985e-02,7.868044078350067139e-02,1.762567088007926941e-02,2.777144080027937889e-03,2.027515787631273270e-03,1.677813008427619934e-03,2.069086534902453423e-03,1.052814768627285957e-03,5.127857439219951630e-04,2.272088895551860332e-04,6.887902272865176201e-04,3.915813867934048176e-04,1.622218405827879906e-05,1.921219518408179283e-05,2.017288716160692275e-05,1.950316254806239158e-05,1.862908538896590471e-05,1.784723826858680695e-05,1.704877104202751070e-05,1.610743674973491579e-05,1.535020055598579347e-05,1.462631917092949152e-05,1.413635709468508139e-05,1.364997933706035838e-05,1.337483899988001212e-05,1.310292554990155622e-05,1.291048283746931702e-05,1.275781141885090619e-05,1.306493868469260633e-05,1.229729787155520171e-05,8.876430001691915095e-06

Feature: mfcc
-2.476101074218750000e+02,1.060370330810546875e+02,-4.307824707031250000e+01,3.928153038024902344e+00,-2.663061904907226562e+01,-3.131427288055419922e+00,-2.776329040527343750e+01,-7.370019912719726562e+00,2.080768203735351562e+01,2.590483093261718750e+01,3.293247604370117188e+01,1.229115390777587891e+01,-1.279887390136718750e+01,-1.205209350585937500e+01,-2.078515052795410156e+01,8.000535011291503906e+00,2.211540460586547852e+00,-2.042198944091796875e+01,-6.743123054504394531e+00,2.369459724426269531e+01,1.679154968261718750e+01,-2.720654249191284180e+00,-9.514575958251953125e+00,-3.048559904098510742e+00,-7.923857212066650391e+00,-2.498097896575927734e+00,1.296693801879882812e+01,9.929733276367187500e+00,-7.798727512359619141e+00,1.032440948486328125e+01,1.194435691833496094e+01,-3.858060359954833984e+00,-8.569946289062500000e+00,-3.006750583648681641e+00,-4.476808071136474609e+00,1.513347029685974121e+00,4.989459037780761719e+00,-5.965032100677490234e+00,-1.675824403762817383e+00,8.795684814453125000e+00
-2.583081359863281250e+02,1.127173309326171875e+02,-4.935246658325195312e+01,2.305840301513671875e+01,-3.645480346679687500e+01,9.877033233642578125e+00,-2.370992660522460938e+01,-1.235434532165527344e+01,2.043735504150390625e+01,1.685287475585937500e+01,3.909480285644531250e+01,1.579312038421630859e+01,-1.629152679443359375e+01,-2.448932075500488281e+01,-2.793738174438476562e+01,4.711919784545898438e+00,-3.824804782867431641e+00,-1.588057327270507812e+01,-4.648295402526855469e+00,2.764964866638183594e+01,2.959725761413574219e+01,-3.983111381530761719e+00,-1.363314628601074219e+01,-5.474404096603393555e-01,-1.254942131042480469e+01,-1.002561759948730469e+01,1.307673835754394531e+01,4.268414020538330078e+00,-1.078480148315429688e+01,1.223059272766113281e+01,9.856765747070312500e+00,-8.881530761718750000e+00,-1.313554000854492188e+01,-4.126844882965087891e+00,-2.520145654678344727e+00,9.042685031890869141e-01,3.616347551345825195e+00,-9.272380828857421875e+00,1.127386331558227539e+00,1.365408134460449219e+01
-2.845821533203125000e+02,1.189301910400390625e+02,-4.932396697998046875e+01,4.350650787353515625e+01,-3.937957382202148438e+01,1.917805862426757812e+01,-2.617235565185546875e+01,-1.549487876892089844e+01,1.723167419433593750e+01,2.682295799255371094e+00,4.802081298828125000e+01,1.444649124145507812e+01,-1.021443748474121094e+01,-3.939694976806640625e+01,-2.901024627685546875e+01,7.978560924530029297e-01,-1.000130939483642578e+01,-1.289236259460449219e+01,-6.855938434600830078e+00,3.561839294433593750e+01,2.854570198059082031e+01,-8.846698760986328125e+00,-1.362904930114746094e+01,-3.938765287399291992e+00,-1.240762329101562500e+01,-1.790154838562011719e+01,1.285653591156005859e+01,3.736615478992462158e-01,-6.947381019592285156e+00,1.585467910766601562e+01,1.034125137329101562e+01,-1.007621479034423828e+01,-1.933060073852539062e+01,-4.276808738708496094e+00,3.367787599563598633e-01,2.421356737613677979e-01,-3.033882141113281250e+00,-1.119944381713867188e+01,8.173852920532226562e+00,1.345485973358154297e+01
-2.904506225585937500e+02,1.174426040649414062e+02,-4.694051361083984375e+01,4.595749282836914062e+01,-3.144659805297851562e+01,2.198341751098632812e+01,-2.560509681701660156e+01,-1.283157920837402344e+01,1.461887359619140625e+01,5.117529869079589844e+00,4.843400192260742188e+01,7.549875259399414062e+00,-1.030585861206054688e+01,-3.807074737548828125e+01,-3.176307678222656250e+01,4.063953757286071777e-01,-8.836524963378906250e+00,-1.693270874023437500e+01,-7.871610641479492188e+00,3.645336151123046875e+01,2.117812728881835938e+01,-1.117906951904296875e+01,-1.211655235290527344e+01,-6.682568550109863281e+00,-1.331021118164062500e+01,-1.835366821289062500e+01,1.198779106140136719e+01,8.537701964378356934e-01,-5.954544067382812500e+00,1.706006240844726562e+01,8.204956054687500000e+00,-1.375543689727783203e+01,-1.660180473327636719e+01,-3.014597177505493164e+00,8.221042156219482422e-01,3.954857349395751953e+00,-4.423297405242919922e+00,-6.545329093933105469e+00,1.357837009429931641e+01,1.136558914184570312e+01
-2.997571716308593750e+02,1.110615997314453125e+02,-4.522780609130859375e+01,4.277727127075195312e+01,-3.328717803955078125e+01,2.320888900756835938e+01,-2.679882812500000000e+01,-5.176272869110107422e+00,1.974111175537109375e+01,5.527112960815429688e+00,4.900557708740234375e+01,-1.260311484336853027e+00,-1.652303314208984375e+01,-3.932032775878906250e+01,-3.520964431762695312e+01,3.204736232757568359e+00,-2.825032234191894531e+00,-1.692785263061523438e+01,-4.677597999572753906e+00,4.216436004638671875e+01,2.303495788574218750e+01,-8.180791854858398438e+00,-1.478094673156738281e+01,-6.820831298828125000e+00,-9.588586807250976562e+00,-2.130423736572265625e+01,1.357043552398681641e+01,1.501624584197998047e+00,-7.756336212158203125e+00,2.096388626098632812e+01,9.498858451843261719e+00,-1.816468048095703125e+01,-1.564402866363525391e+01,-8.812279701232910156e-01,-6.504343509674072266e+00,6.795696258544921875e+00,-1.150099992752075195e+00,-1.070178985595703125e+01,2.228422737121582031e+01,1.254479789733886719e+01
-3.046771240234375000e+02,1.144728393554687500e+02,-4.225025558471679688e+01,3.801559448242187500e+01,-3.108612632751464844e+01,2.373204421997070312e+01,-3.571469497680664062e+01,-6.957733154296875000e+00,2.416348648071289062e+01,1.073499917984008789e-01,4.969525146484375000e+01,-1.179740548133850098e+00,-2.031819534301757812e+01,-3.156142616271972656e+01,-3.401349639892578125e+01,1.206234693527221680e+00,5.477827787399291992e-01,-1.488770580291748047e+01,-1.689882516860961914e+00,4.126828002929687500e+01,1.945445442199707031e+01,-7.587349891662597656e+00,-1.490395259857177734e+01,-4.457251071929931641e+00,-8.260245323181152344e+00,-2.832043266296386719e+01,1.635651206970214844e+01,1.482829213142395020e+00,-1.405618858337402344e+01,2.670268249511718750e+01,1.015182685852050781e+01,-1.960247421264648438e+01,-1.387926769256591797e+01,-1.429530143737792969e+00,-7.329984664916992188e+00,8.527734756469726562e+00,-2.908010959625244141e+00,-1.823225021362304688e+01,2.784019470214843750e+01,9.298146247863769531e+00
-3.132656555175781250e+02,1.138067779541015625e+02,-4.236513519287109375e+01,3.148044013977050781e+01,-3.019878005981445312e+01,2.399110031127929688e+01,-4.118795013427734375e+01,-5.309883594512939453e+00,2.532519149780273438e+01,-8.088141441345214844e+00,5.296949005126953125e+01,-4.371528625488281250e+00,-2.569247055053710938e+01,-2.510034561157226562e+01,-3.454431915283203125e+01,1.829290866851806641e+00,-3.708018779754638672e+00,-1.450501155853271484e+01,1.397379279136657715e+00,3.632716369628906250e+01,1.993260574340820312e+01,-9.433118820190429688e+00,-1.460523128509521484e+01,-5.014228820800781250e+00,-1.072901821136474609e+01,-3.133745384216308594e+01,1.888846206665039062e+01,1.000868701934814453e+01,-1.840671539306640625e+01,3.028211784362792969e+01,1.540536308288574219e+01,-2.354391479492187500e+01,-1.357756805419921875e+01,1.230609893798828125e+00,-6.135354042053222656e-01,1.076925277709960938e+01,1.112232327461242676e+00,-1.584829044342041016e+01,2.670529174804687500e+01,1.365836048126220703e+01
-3.198394775390625000e+02,1.079071502685546875e+02,-4.086993408203125000e+01,3.384962463378906250e+01,-2.772106552124023438e+01,2.785684204101562500e+01,-5.014947509765625000e+01,-8.889701843261718750e+00,3.266099548339843750e+01,-1.154270744323730469e+01,5.598059082031250000e+01,-8.952789306640625000e-01,-2.958821105957031250e+01,-2.527365112304687500e+01,-3.347960662841796875e+01,4.504430770874023438e+00,-2.435099124908447266e+00,-1.376176548004150391e+01,-3.123147010803222656e+00,3.783660125732421875e+01,2.472387313842773438e+01,-1.150072097778320312e+01,-1.344776153564453125e+01,-5.937451839447021484e+00,-7.918663024902343750e-01,-2.642604637145996094e+01,1.418834686279296875e+01,1.813699531555175781e+01,-2.123608398437500000e+01,2.293774414062500000e+01,1.748630142211914062e+01,-2.771921730041503906e+01,-2.381595039367675781e+01,4.613028049468994141e+00,3.573010444641113281e+00,5.238442897796630859e+00,9.992023468017578125e+00,-1.855386352539062500e+01,1.346388244628906250e+01,1.884296035766601562e+01
-3.130081787109375000e+02,1.047568054199218750e+02,-3.986682128906250000e+01,3.418873596191406250e+01,-3.670084762573242188e+01,3.462904357910156250e+01,-5.335953521728515625e+01,-2.122247695922851562e+01,3.794884490966796875e+01,-6.259227752685546875e+00,4.895162963867187500e+01,3.491221189498901367e+00,-2.639446830749511719e+01,-3.519776153564453125e+01,-3.056167221069335938e+01,5.248717308044433594e+00,-2.057643890380859375e+00,-5.843382358551025391e+00,-5.535429000854492188e+00,3.477160263061523438e+01,2.333138847351074219e+01,-1.976733016967773438e+01,-1.806065750122070312e+01,2.142558097839355469e+00,-7.435984611511230469e-01,-3.232293319702148438e+01,1.253036022186279297e+01,1.467107105255126953e+01,-1.595167255401611328e+01,2.277567672729492188e+01,1.770669174194335938e+01,-2.197780227661132812e+01,-2.826135063171386719e+01,3.838859796524047852e+00,8.061273097991943359e-01,-3.716828823089599609e-01,1.251095199584960938e+01,-1.157189178466796875e+01,1.102290534973144531e+01,1.641326904296875000e+01
-3.068960876464843750e+02,9.899848937988281250e+01,-4.892828750610351562e+01,4.074167633056640625e+01,-3.874785614013671875e+01,2.970978164672851562e+01,-4.834513854980468750e+01,-2.626989173889160156e+01,3.793348312377929688e+01,7.088006496429443359e+00,4.934573364257812500e+01,-1.460020661354064941e+00,-2.186891555786132812e+01,-3.344615173339843750e+01,-3.555874633789062500e+01,4.425271034240722656e+00,9.462010860443115234e-01,-5.327371597290039062e+00,-6.530463218688964844e+00,3.493138122558593750e+01,2.408376693725585938e+01,-1.978751945495605469e+01,-1.427762794494628906e+01,1.092347979545593262e+00,-8.121031761169433594e+00,-2.817936706542968750e+01,1.489684772491455078e+01,9.517282485961914062e+00,-1.291386222839355469e+01,2.300621414184570312e+01,1.400916194915771484e+01,-1.829468345642089844e+01,-2.999384689331054688e+01,-7.524333953857421875e+00,1.548226833343505859e+00,6.582016944885253906e+00,1.048221874237060547e+01,-7.945981025695800781e+00,1.506815528869628906e+01,1.657211303710937500e+01
-3.061244506835937500e+02,9.701834106445312500e+01,-5.671270370483398438e+01,4.751631927490234375e+01,-3.729283905029296875e+01,1.701795578002929688e+01,-4.545311737060546875e+01,-2.793325424194335938e+01,3.709108734130859375e+01,9.048578262329101562e+00,4.719808959960937500e+01,-4.960155487060546875e-02,-2.178664779663085938e+01,-2.918737983703613281e+01,-3.609769058227539062e+01,4.628229141235351562e+00,2.154152154922485352e+00,-9.467111587524414062e+00,-8.191151618957519531e+00,3.098532485961914062e+01,2.506455230712890625e+01,-1.620044326782226562e+01,-1.183977890014648438e+01,1.582093596458435059e+00,-7.399744987487792969e+00,-2.214865684509277344e+01,1.653203582763671875e+01,1.090332698822021484e+01,-1.589543056488037109e+01,1.689496231079101562e+01,1.578425788879394531e+01,-1.265124702453613281e+01,-2.719828987121582031e+01,-7.760213851928710938e+00,9.180669784545898438e+00,9.674541473388671875e+00,6.023319244384765625e+00,-7.629713058471679688e+00,1.487469100952148438e+01,1.306569766998291016e+01
-3.082484741210937500e+02,9.412935638427734375e+01,-5.763578033447265625e+01,4.709217071533203125e+01,-3.588714599609375000e+01,2.023083877563476562e+01,-3.911410522460937500e+01,-2.165456199645996094e+01,3.363804244995117188e+01,6.203323364257812500e+00,4.639275741577148438e+01,1.040175914764404297e+00,-1.491205024719238281e+01,-2.379017639160156250e+01,-3.586531829833984375e+01,-2.490809917449951172e+00,7.011432051658630371e-01,-8.129110336303710938e+00,-1.283093261718750000e+01,2.942920303344726562e+01,2.295468711853027344e+01,-1.761823272705078125e+01,-1.489055633544921875e+01,-2.153973102569580078e+00,-4.281475067138671875e+00,-2.072327232360839844e+01,1.330046463012695312e+01,8.264419555664062500e+00,-1.960163879394531250e+01,9.608381271362304688e+00,1.637395668029785156e+01,-1.002784347534179688e+01,-3.085161781311035156e+01,-5.488829612731933594e+00,8.947912216186523438e+00,5.823662281036376953e+00,6.889686584472656250e+00,-7.429910659790039062e+00,1.016393470764160156e+01,8.828710556030273438e+00
-3.078656005859375000e+02,9.466106414794921875e+01,-5.479443359375000000e+01,3.726348876953125000e+01,-4.229637908935546875e+01,2.743624114990234375e+01,-4.069480133056640625e+01,-1.638904571533203125e+01,3.763558197021484375e+01,5.985887527465820312e+00,4.923175811767578125e+01,-2.292407512664794922e+00,-1.432404994964599609e+01,-2.050102233886718750e+01,-3.695241165161132812e+01,-8.122705459594726562e+00,-1.538590431213378906e+00,-1.369988059997558594e+01,-1.994714736938476562e+01,3.274641418457031250e+01,2.191085052490234375e+01,-1.631341934204101562e+01,-1.519516181945800781e+01,-6.310239315032958984e+00,3.163232803344726562e-01,-2.096329307556152344e+01,1.654633712768554688e+01,1.404510307312011719e+01,-2.520055007934570312e+01,6.223672866821289062e+00,1.946421623229980469e+01,-1.294475173950195312e+01,-3.506827163696289062e+01,-4.206338882446289062e+00,2.592909336090087891e+00,-1.003581523895263672e+00,6.051350116729736328e+00,-8.791984558105468750e+00,1.192765045166015625e+01,1.267796134948730469e+01
-3.049573669433593750e+02,9.064151763916015625e+01,-5.838414764404296875e+01,3.686606597900390625e+01,-4.258212280273437500e+01,2.530716514587402344e+01,-5.356166076660156250e+01,-2.171512603759765625e+01,3.802510452270507812e+01,2.618301391601562500e+00,4.969163894653320312e+01,-9.073791503906250000e-01,-2.134643554687500000e+01,-2.764361572265625000e+01,-3.037505340576171875e+01,-3.741704463958740234e+00,-1.622249484062194824e+00,-8.359800338745117188e+00,-2.162681579589843750e+01,2.433326911926269531e+01,2.386509323120117188e+01,-1.355722427368164062e+01,-2.352288246154785156e+01,-6.628360748291015625e+00,1.274751424789428711e+00,-2.589808654785156250e+01,2.047148704528808594e+01,2.005846023559570312e+01,-2.471564102172851562e+01,3.116744756698608398e+00,1.923031997680664062e+01,-1.227355289459228516e+01,-3.403087615966796875e+01,-3.157041311264038086e+00,-2.688958168029785156e+00,-1.349848866462707520e+00,9.049395561218261719e+00,-1.079469776153564453e+01,1.304603576660156250e+01,1.876457214355468750e+01
-3.069362792968750000e+02,8.648440551757812500e+01,-6.345457458496093750e+01,4.067633819580078125e+01,-3.970353317260742188e+01,1.911119461059570312e+01,-5.295198822021484375e+01,-1.845068168640136719e+01,3.716347503662109375e+01,1.831876635551452637e+00,5.178218078613281250e+01,7.257566452026367188e-01,-2.511351013183593750e+01,-3.119803237915039062e+01,-2.479801940917968750e+01,4.523231506347656250e+00,-2.058785200119018555e+00,-7.682055473327636719e+00,-2.151519775390625000e+01,1.863150787353515625e+01,2.184580230712890625e+01,-1.086245155334472656e+01,-1.723287200927734375e+01,-4.361421585083007812e+00,3.123229503631591797e+00,-2.425902366638183594e+01,1.402052402496337891e+01,1.556710433959960938e+01,-2.608308792114257812e+01,4.807131767272949219e+00,2.187801361083984375e+01,-1.015006065368652344e+01,-3.034050369262695312e+01,-6.524748802185058594e+00,-8.964272499084472656e+00,-2.706422805786132812e+00,1.209904384613037109e+01,-1.004577732086181641e+01,1.075687408447265625e+01,1.953207015991210938e+01
-3.099553222656250000e+02,8.588975524902343750e+01,-7.428717041015625000e+01,4.088806152343750000e+01,-3.017352294921875000e+01,1.838502883911132812e+01,-4.029055786132812500e+01,-1.124887657165527344e+01,4.154023742675781250e+01,5.646875858306884766e+00,5.161726379394531250e+01,4.069449424743652344e+00,-2.586906433105468750e+01,-3.072710418701171875e+01,-3.066581726074218750e+01,5.175783634185791016e+00,6.008925437927246094e-01,-1.145134353637695312e+01,-1.384611511230468750e+01,2.198659896850585938e+01,2.020288085937500000e+01,-8.730184555053710938e+00,-1.225980377197265625e+01,-3.167405128479003906e+00,3.411496162414550781e+00,-1.775839996337890625e+01,1.250816917419433594e+01,1.513744449615478516e+01,-2.044657897949218750e+01,1.000483512878417969e+01,2.322426223754882812e+01,-1.189472198486328125e+01,-2.739278030395507812e+01,-7.980731487274169922e+00,-9.801813125610351562e+00,1.167176008224487305e+00,1.611341476440429688e+01,-8.102487564086914062e+00,8.666166305541992188e+00,2.151018524169921875e+01
-2.987137145996093750e+02,7.375887298583984375e+01,-6.865371704101562500e+01,2.534062004089355469e+01,-1.285534477233886719e+01,1.123258209228515625e+01,-3.193450927734375000e+01,-4.791412830352783203e+00,2.626100921630859375e+01,1.060931921005249023e+00,4.158216476440429688e+01,1.524831008911132812e+01,-1.644841194152832031e+01,-2.619986343383789062e+01,-3.335701370239257812e+01,5.490270614624023438e+00,5.103074073791503906e+00,-1.623293113708496094e+01,-1.312119603157043457e+00,2.212905120849609375e+01,1.385304355621337891e+01,-5.154236316680908203e+00,-1.773974990844726562e+01,-3.985445499420166016e+00,4.960910797119140625e+00,-1.167923355102539062e+01,9.316037178039550781e+00,1.505830001831054688e+01,-6.994958877563476562e+00,7.110699653625488281e+00,1.737194442749023438e+01,-6.003635406494140625e+00,-2.490659713745117188e+01,-6.830346584320068359e+00,-5.715197563171386719e+00,3.280050277709960938e+00,1.662841224670410156e+01,-5.128222465515136719e+00,9.350124359130859375e+00,2.426061439514160156e+01

Feature: rms
7.474428415298461914e-02
7.866925746202468872e-02
8.654682338237762451e-02
8.206923305988311768e-02
7.316546142101287842e-02
7.681456208229064941e-02
7.101407647132873535e-02
7.678214460611343384e-02
9.202097356319427490e-02
9.324903786182403564e-02
9.773638099431991577e-02
9.351963549852371216e-02
7.546247541904449463e-02
7.249203324317932129e-02
6.986355036497116089e-02
5.605732649564743042e-02
4.377424716949462891e-02

Feature: spectral_centroid
1.717885238451464375e+03
1.578536736069612971e+03
1.542356568113036701e+03
1.646252961604771599e+03
1.667907530841230709e+03
1.751862745283410732e+03
1.824390041714900690e+03
2.035616400315706869e+03
1.941176393782138575e+03
1.710145884349337848e+03
1.795388830646567612e+03
1.977862900942325950e+03
1.980416465104879535e+03
2.050374782534518999e+03
2.203407753496085206e+03
2.096545983270234501e+03
2.225150109333529144e+03

Feature: spectral_bandwidth
1.754328060323801992e+03
1.547692084959919384e+03
1.418807721280264104e+03
1.481163798410591426e+03
1.480490218350714713e+03
1.532418328264412821e+03
1.621531121158719770e+03
1.693782153782558680e+03
1.693431848041046123e+03
1.597293744729965510e+03
1.557934348378825007e+03
1.645020187509111111e+03
1.689279741407712436e+03
1.710903422745052922e+03
1.711517631568420711e+03
1.630129640942982633e+03
1.733426152604091840e+03

Feature: spectral_contrast
9.277237949042412168e+00,1.055610148368026380e+01,2.238293161378158658e+01,2.082062913531055415e+01,1.817177774118066225e+01,1.403382397154140548e+01,1.390873274563487705e+01
1.269146548378111561e+01,1.119288606391486951e+01,2.515247039271980611e+01,2.155481917881869336e+01,2.774448160366276284e+01,2.020249404721044328e+01,1.732776797904913835e+01
1.162897729305831973e+01,1.253744170726025686e+01,2.964087333712658534e+01,2.615790019950937051e+01,2.473852823279626278e+01,2.854483904776973446e+01,4.898834627918878937e+01
2.416108500730864250e+01,1.409694111487345580e+01,2.846899638615990824e+01,2.912123686340668982e+01,2.656811237410246918e+01,2.795799128138450129e+01,5.970332252683520124e+01
1.518733123677718666e+01,1.080955161378352614e+01,3.560824414197426790e+01,2.886515549512645862e+01,3.035179022635199075e+01,2.834475625005146071e+01,6.099046823059911304e+01
1.350467756614600212e+01,9.151962616822192587e+00,2.919792739654664260e+01,3.273729265552314871e+01,3.493559656594823082e+01,2.896876071745874981e+01,6.030489868089264149e+01
1.064586421821924667e+01,1.136498762361501669e+01,3.114830508013988819e+01,2.485585765292115923e+01,3.180142884974229034e+01,2.891941548821580099e+01,5.570905978524417890e+01
1.821200859228465418e+01,1.659405705039077716e+01,3.327230439879191692e+01,2.960218164410129305e+01,3.229827927123504594e+01,2.918661893846313760e+01,4.900154287947069776e+01
1.154244653432149548e+01,1.199948507363956907e+01,2.730886882906715485e+01,3.109869307250644255e+01,3.224296175915776530e+01,2.929322864494371004e+01,5.448201774189249136e+01
1.339512783840550902e+01,8.171954876504788245e+00,3.634346558120888915e+01,3.664179892405151406e+01,3.012478235544427463e+01,2.867629251781834654e+01,5.520675435077291837e+01
1.305762761293287433e+01,1.381015851238008807e+01,2.854950538762022560e+01,3.084729503141065976e+01,3.124337117849931644e+01,2.739807668209990865e+01,5.374833099425956107e+01
1.452153573698055489e+01,1.262129009680318781e+01,3.446130956041075422e+01,2.704491000577146309e+01,3.353748622452118155e+01,2.502615083587204481e+01,5.173499538631966033e+01
1.537392258152553204e+01,1.988498676257350084e+01,3.163025132688381547e+01,2.981844797159706673e+01,3.025199937459317567e+01,2.492698470108078013e+01,5.660979969611869933e+01
1.897871477720010347e+01,1.332013575876867328e+01,3.004369974876815164e+01,3.284617001041428352e+01,3.620276664140283174e+01,2.815805831420838601e+01,6.139675772556562805e+01
2.161867935477467029e+01,1.097838252683964200e+01,2.918301466118222010e+01,2.892146614379371883e+01,3.418508073321418550e+01,2.610797928591945194e+01,5.965387534983380391e+01
1.102795856405199260e+01,1.294425582056099877e+01,3.804111306613766885e+01,2.693460579274341526e+01,2.977903440329549767e+01,2.370672661631893874e+01,1.253746944393287066e+01
6.157036779564917239e+00,1.001438899898453450e+01,2.753459893954887860e+01,2.266674187347426539e+01,2.445246320363059667e+01,2.272410707831060250e+01,9.562967816861700499e+00

Feature: spectral_flatness
1.927940407767891884e-03
3.825187741313129663e-04
1.432394765288336203e-05
2.876136568374931812e-05
1.270910706807626411e-05
9.488393516221549362e-06
1.001403234113240615e-05
1.653820436331443489e-05
1.157086262537632138e-05
5.072528438176959753e-06
6.753572051820810884e-06
1.423672529199393466e-05
1.313271241087932140e-05
1.340667677141027525e-05
2.305308044014964253e-05
4.354123666416853666e-04
2.199586713686585426e-03

Feature: spectral_rolloff
2.950048828125000000e+03
2.928515625000000000e+03
2.917749023437500000e+03
2.960815429687500000e+03
2.950048828125000000e+03
3.283813476562500000e+03
4.317407226562500000e+03
4.748071289062500000e+03
4.661938476562500000e+03
4.112841796875000000e+03
4.080541992187500000e+03
4.435839843750000000e+03
4.554272460937500000e+03
4.661938476562500000e+03
4.769604492187500000e+03
4.360473632812500000e+03
4.457373046875000000e+03

Feature: poly_features
-1.354214512401560975e-04,1.108706312906198699e+00
-1.656246389661135659e-04,1.340291169049609987e+00
-1.445364841126884270e-04,1.166240523833322662e+00
-1.175149790002858819e-04,9.562812999211374176e-01
-1.282811829404368340e-04,1.045788262677359137e+00
-1.258455659382306580e-04,1.033348820813591473e+00
-1.112977762606881906e-04,9.198000652206824723e-01
-1.013715334528223367e-04,8.547134765935819889e-01
-1.218420934098763813e-04,1.017905911447692047e+00
-1.539029604830723672e-04,1.259178089096409936e+00
-1.385561469186459159e-04,1.142097083865306395e+00
-1.018237751178482063e-04,8.536701336963414821e-01
-1.084993204155492965e-04,9.098617959029665636e-01
-1.173958276577818385e-04,9.912829862744864107e-01
-1.013957873057670357e-04,8.699256611543241258e-01
-1.065305472704498895e-04,9.037582284609653183e-01
-8.719658188652036894e-05,7.498722922008511649e-01

Feature: tonnetz
-7.587933448495191857e-02,-2.322500563280656682e-01,-1.273712646216159650e-01,-3.437226843088871941e-01,-4.345641537558532497e-02,1.440427014604210298e-01
-5.301908849385723876e-02,-5.634973933670772706e-01,-8.566886372864308818e-02,-5.992195755243304722e-01,-2.068047592570129711e-02,2.863400604110211134e-01
-7.843122060754639802e-02,-4.675368486225071063e-01,-1.510565383359796232e-01,-4.832163266837601334e-01,-1.990025993555251393e-02,2.183792942669242065e-01
-1.290725001273840267e-01,-2.646382159118144672e-01,-2.114366712048655617e-01,-3.554943501949316409e-01,-4.787321687712181584e-02,1.336595031898468178e-01
-8.522537681927205844e-02,-4.462337785307955995e-01,-1.316795516759163009e-01,-5.313194300979380280e-01,-3.973492283695009147e-02,2.362048134673386257e-01
-4.225909769480649253e-02,-5.842230291636432149e-01,-8.065064530819722466e-02,-5.444139968603851631e-01,2.354219528651511906e-02,2.577303424477577765e-01
-3.075536202422376672e-02,-5.566976393348281871e-01,-6.109416391700575599e-02,-5.361469788476828091e-01,7.569164830393070031e-03,2.672914490103721064e-01
-8.045572747607929176e-02,-4.523842101879280708e-01,-1.371151888743049052e-01,-4.491023076698187899e-01,7.742515602291289269e-04,2.077373038046061993e-01
-7.516524687698176999e-02,-5.091638656712789146e-01,-1.256087832152849582e-01,-5.344204148277643673e-01,-4.407041451981841274e-03,2.485378358978778124e-01
-6.884271366211465459e-02,-5.449793335654219417e-01,-1.282909289002424624e-01,-6.307123117148880631e-01,-4.333508298200539066e-02,2.960330140776931684e-01
-1.051421930162822760e-01,-4.597482520822397389e-01,-2.056909454986458607e-01,-5.045606372877959878e-01,-2.881583937004983387e-02,2.368138725869357031e-01
-1.101562072083334537e-01,-2.920104559888205276e-01,-2.367315832525496710e-01,-3.991452725604183183e-01,-6.892624303252628537e-02,1.727433272171764456e-01
-1.212993023574384654e-01,-3.569368540153232128e-01,-2.428609523922210522e-01,-4.645495060831315026e-01,-6.411106842494843083e-02,1.932494728825985275e-01
-1.210961094963127760e-01,-2.486817919430144019e-01,-2.651296555995945603e-01,-4.166805110871799611e-01,-8.405597649397746063e-02,1.754610792268066488e-01
-1.239817171132807511e-01,-1.997502832887629309e-01,-2.779109645634894599e-01,-3.209005109965808455e-01,-7.524834477226020890e-02,1.696619475260375542e-01
-1.479351669986860573e-01,-2.173083500854832983e-01,-3.033810369670395524e-01,-3.845494315028198384e-01,-9.439055792699253822e-02,1.745498050004242463e-01
-1.272985880211357501e-01,-1.769457549178604094e-01,-2.893263790756468445e-01,-2.318784315139062469e-01,-3.653179773313065815e-02,1.187128457240759355e-01

Feature: zero_crossing_rate
4.052734375000000000e-02
6.835937500000000000e-02
9.082031250000000000e-02
9.619140625000000000e-02
9.814453125000000000e-02
8.691406250000000000e-02
1.020507812500000000e-01
9.521484375000000000e-02
9.130859375000000000e-02
9.082031250000000000e-02
6.933593750000000000e-02
6.738281250000000000e-02
6.689453125000000000e-02
8.007812500000000000e-02
9.228515625000000000e-02
8.398437500000000000e-02
6.787109375000000000e-02

