Feature: chroma_stft
1.370754558593034744e-02,2.134245820343494415e-02,3.565022721886634827e-02,3.866389021277427673e-02,1.566283591091632843e-02,2.901470102369785309e-02,4.773681610822677612e-02,5.072875022888183594e-01,1.000000000000000000e+00,3.095748722553253174e-01,4.167824238538742065e-02,2.056257985532283783e-02
3.768675494939088821e-03,1.069895830005407333e-02,1.015724986791610718e-02,1.126086711883544922e-02,4.530483856797218323e-03,6.914157886058092117e-03,1.262616552412509918e-02,4.301661550998687744e-01,1.000000000000000000e+00,1.264234483242034912e-01,1.054801233112812042e-02,5.219501908868551254e-03
3.504948690533638000e-03,5.962107330560684204e-03,5.068528000265359879e-03,6.493530701845884323e-03,3.163526766002178192e-03,3.127614269033074379e-03,8.315677754580974579e-03,4.123359024524688721e-01,1.000000000000000000e+00,7.754325866699218750e-02,4.974657669663429260e-03,3.938772249966859818e-03
6.745439954102039337e-03,2.685872372239828110e-03,2.939680125564336777e-03,6.512699648737907410e-03,2.488376805558800697e-03,1.582635333761572838e-03,5.102580878883600235e-03,3.025399148464202881e-01,1.000000000000000000e+00,1.251177638769149780e-01,2.899724058806896210e-03,4.010152071714401245e-03
1.334164384752511978e-02,4.097563214600086212e-03,5.499988794326782227e-03,1.361836306750774384e-02,3.065298544242978096e-03,3.814555937424302101e-03,5.778170190751552582e-03,1.941848099231719971e-01,1.000000000000000000e+00,1.634425520896911621e-01,2.620461396872997284e-03,7.087992504239082336e-03
1.340773701667785645e-02,4.348052665591239929e-03,1.866152510046958923e-02,3.078275360167026520e-02,3.702825400978326797e-03,9.131155908107757568e-03,1.768761314451694489e-02,4.201979041099548340e-01,1.000000000000000000e+00,9.125385433435440063e-02,3.096421714872121811e-03,7.782599888741970062e-03
1.306258421391248703e-02,2.007669070735573769e-03,1.950217783451080322e-02,2.134854532778263092e-02,2.434217138215899467e-03,3.920000512152910233e-03,2.002184279263019562e-02,7.518045306205749512e-01,1.000000000000000000e+00,4.490638151764869690e-02,1.106148702092468739e-03,1.028152648359537125e-02
1.073874067515134811e-02,2.434792695567011833e-03,2.058508060872554779e-02,1.634486764669418335e-02,1.931772450916469097e-03,2.415554365143179893e-03,2.053532190620899200e-02,7.897483110427856445e-01,1.000000000000000000e+00,4.366711154580116272e-02,1.108156167902052402e-03,1.328491698950529099e-02
2.775258570909500122e-02,1.254744827747344971e-02,1.520613431930541992e-01,9.942061454057693481e-02,5.220894236117601395e-03,5.462498404085636139e-03,3.873207420110702515e-02,9.195964932441711426e-01,1.000000000000000000e+00,7.304366677999496460e-02,4.079105332493782043e-03,5.427826568484306335e-02
2.722053974866867065e-02,2.639266662299633026e-02,4.998166561126708984e-01,2.826501727104187012e-01,9.375677444040775299e-03,7.254404015839099884e-03,4.299142211675643921e-02,8.209626674652099609e-01,1.000000000000000000e+00,8.173324912786483765e-02,5.852867849171161652e-03,5.955268442630767822e-02
9.296713396906852722e-03,2.306999452412128448e-02,4.411981999874114990e-01,2.315327376127243042e-01,1.814129203557968140e-02,1.080697774887084961e-02,5.331633985042572021e-02,1.000000000000000000e+00,7.980721592903137207e-01,3.682366386055946350e-02,4.538394976407289505e-03,2.368324436247348785e-02
8.015091530978679657e-03,1.494040898978710175e-02,2.111149132251739502e-01,1.108675226569175720e-01,2.881181240081787109e-02,2.027317509055137634e-02,7.315807044506072998e-02,1.000000000000000000e+00,4.474017024040222168e-01,1.354184653609991074e-02,4.773885477334260941e-03,3.021615557372570038e-02
1.247503608465194702e-02,1.792305894196033478e-02,1.553301364183425903e-01,6.799937039613723755e-02,3.011230006814002991e-02,1.884582452476024628e-02,1.120158508419990540e-01,1.000000000000000000e+00,3.578092455863952637e-01,1.176925282925367355e-02,7.131983526051044464e-03,4.985892772674560547e-02
2.039119414985179901e-02,4.410932958126068115e-02,3.597854971885681152e-01,1.082325503230094910e-01,3.229813650250434875e-02,2.214463427662849426e-02,1.882654875516891479e-01,1.000000000000000000e+00,2.203270047903060913e-01,8.232461288571357727e-03,1.902627013623714447e-02,1.083064675331115723e-01
7.378470152616500854e-03,3.123395517468452454e-02,2.444706708192825317e-01,7.054582983255386353e-02,1.938315480947494507e-02,9.690821170806884766e-03,1.449128985404968262e-01,1.000000000000000000e+00,2.245600372552871704e-01,4.938348662108182907e-03,1.293709035962820053e-02,5.411377176642417908e-02
5.950930994004011154e-03,4.139703139662742615e-02,2.840885221958160400e-01,7.358058542013168335e-02,1.942140795290470123e-02,1.015533879399299622e-02,1.523133069276809692e-01,1.000000000000000000e+00,2.120820730924606323e-01,5.474596749991178513e-03,1.132718101143836975e-02,3.736290708184242249e-02

Feature: chroma_cqt
3.310212790966033936e-01,3.173170089721679688e-01,2.545805573463439941e-01,2.351935356855392456e-01,2.763463854789733887e-01,3.441208899021148682e-01,3.039773404598236084e-01,7.517682909965515137e-01,1.000000000000000000e+00,6.120307445526123047e-01,3.712532818317413330e-01,3.413191437721252441e-01
1.690225899219512939e-01,1.638348400592803955e-01,1.192865595221519470e-01,1.419136524200439453e-01,1.306006461381912231e-01,1.616859883069992065e-01,1.550475656986236572e-01,6.538146734237670898e-01,1.000000000000000000e+00,3.269676268100738525e-01,2.020253539085388184e-01,1.553913205862045288e-01
1.473093330860137939e-01,1.313993632793426514e-01,9.385701268911361694e-02,1.354427337646484375e-01,1.097248345613479614e-01,1.400307714939117432e-01,1.532993614673614502e-01,6.438664197921752930e-01,1.000000000000000000e+00,1.753678917884826660e-01,1.932362318038940430e-01,1.578161567449569702e-01
1.272942572832107544e-01,9.474205970764160156e-02,7.534530758857727051e-02,1.069621741771697998e-01,7.348183542490005493e-02,8.133541047573089600e-02,9.962370991706848145e-02,4.856410622596740723e-01,1.000000000000000000e+00,1.493061780929565430e-01,1.191114261746406555e-01,1.272945851087570190e-01
1.221700608730316162e-01,7.579911500215530396e-02,8.873640000820159912e-02,1.200118809938430786e-01,6.458995491266250610e-02,7.773278653621673584e-02,9.303106367588043213e-02,2.760813534259796143e-01,1.000000000000000000e+00,1.138601973652839661e-01,1.074470505118370056e-01,1.436530351638793945e-01
1.425368487834930420e-01,9.047611057758331299e-02,1.151693612337112427e-01,1.354117542505264282e-01,8.250926434993743896e-02,1.251806318759918213e-01,1.362993419170379639e-01,5.873174667358398438e-01,1.000000000000000000e+00,1.480941325426101685e-01,1.547245085239410400e-01,1.415310055017471313e-01
9.845782816410064697e-02,4.474515095353126526e-02,1.660717427730560303e-01,9.765072911977767944e-02,4.870939627289772034e-02,8.399087190628051758e-02,7.122212648391723633e-02,1.000000000000000000e+00,6.561238765716552734e-01,8.444097638130187988e-02,7.673297822475433350e-02,1.308065056800842285e-01
7.542978227138519287e-02,3.658113628625869751e-02,1.261442601680755615e-01,6.372842937707901001e-02,3.881365433335304260e-02,5.924867093563079834e-02,6.556528061628341675e-02,1.000000000000000000e+00,7.052830457687377930e-01,7.585943490266799927e-02,6.513702869415283203e-02,1.067520454525947571e-01
9.649059176445007324e-02,6.065262481570243835e-02,3.460997343063354492e-01,1.171075105667114258e-01,6.134403496980667114e-02,8.451458066701889038e-02,8.603448420763015747e-02,1.000000000000000000e+00,8.117747306823730469e-01,1.109138727188110352e-01,9.110409766435623169e-02,2.877737283706665039e-01
8.908688277006149292e-02,6.493362784385681152e-02,4.900450110435485840e-01,1.395109444856643677e-01,6.728726625442504883e-02,9.457637369632720947e-02,8.568698167800903320e-02,1.000000000000000000e+00,8.030138015747070312e-01,1.294907033443450928e-01,8.821018040180206299e-02,2.460196614265441895e-01
5.978664755821228027e-02,4.192431643605232239e-02,2.843542695045471191e-01,7.881034910678863525e-02,4.579082131385803223e-02,6.955265253782272339e-02,7.928141951560974121e-02,1.000000000000000000e+00,3.814434409141540527e-01,8.011277765035629272e-02,5.770469456911087036e-02,1.337860226631164551e-01
5.147183686494827271e-02,4.220754280686378479e-02,2.493602633476257324e-01,5.800155550241470337e-02,5.041851103305816650e-02,9.961526095867156982e-02,6.336720287799835205e-02,1.000000000000000000e+00,2.224432528018951416e-01,7.245068997144699097e-02,4.936686903238296509e-02,1.408640295267105103e-01
4.270278662443161011e-02,3.952894732356071472e-02,2.367768287658691406e-01,4.130960628390312195e-02,4.639203101396560669e-02,4.705647379159927368e-02,1.023296639323234558e-01,1.000000000000000000e+00,2.172899246215820312e-01,4.538180679082870483e-02,4.200604930520057678e-02,1.490044593811035156e-01
5.124913528561592102e-02,8.073738217353820801e-02,4.000938534736633301e-01,5.383924767374992371e-02,6.499990820884704590e-02,7.935889810323715210e-02,2.100220620632171631e-01,1.000000000000000000e+00,1.551187783479690552e-01,6.322456151247024536e-02,6.408369541168212891e-02,2.719812095165252686e-01
4.062339663505554199e-02,6.050157174468040466e-02,2.793960273265838623e-01,4.397919401526451111e-02,4.939461126923561096e-02,6.093698367476463318e-02,1.582755893468856812e-01,1.000000000000000000e+00,1.172749474644660950e-01,6.196624785661697388e-02,6.088205426931381226e-02,1.407128870487213135e-01
4.773677885532379150e-02,8.156348019838333130e-02,4.869034588336944580e-01,4.473755881190299988e-02,7.283627241849899292e-02,7.872979342937469482e-02,2.154887020587921143e-01,1.000000000000000000e+00,8.483095467090606689e-02,7.880223542451858521e-02,7.502707839012145996e-02,1.384794116020202637e-01

Feature: chroma_cens
8.576228469610214233e-02,2.222961746156215668e-02,1.917640268802642822e-01,2.029829286038875580e-02,2.222961746156215668e-02,2.222961746156215668e-02,4.766750335693359375e-02,6.923035979270935059e-01,6.431461572647094727e-01,1.286919564008712769e-01,8.533344417810440063e-02,1.869226098060607910e-01
8.082822710275650024e-02,2.049025334417819977e-02,2.045752555131912231e-01,1.958504132926464081e-02,2.049025334417819977e-02,2.049025334417819977e-02,4.972311109304428101e-02,7.002074122428894043e-01,6.327513456344604492e-01,1.210388243198394775e-01,8.040095865726470947e-02,1.889996081590652466e-01
7.618542015552520752e-02,1.888575963675975800e-02,2.167211621999740601e-01,1.888575963675975800e-02,1.888575963675975800e-02,1.888575963675975800e-02,5.183816328644752502e-02,7.075200080871582031e-01,6.223773360252380371e-01,1.138586625456809998e-01,7.576594501733779907e-02,1.909749656915664673e-01
7.178917527198791504e-02,1.739483885467052460e-02,2.282911241054534912e-01,1.819882169365882874e-02,1.739483885467052460e-02,1.739483885467052460e-02,5.399689078330993652e-02,7.143146991729736328e-01,6.120243668556213379e-01,1.070785075426101685e-01,7.138264924287796021e-02,1.928581595420837402e-01
6.759903579950332642e-02,1.599939912557601929e-02,2.393734604120254517e-01,1.752169430255889893e-02,1.599939912557601929e-02,1.599939912557601929e-02,5.619295686483383179e-02,7.206599116325378418e-01,6.016730666160583496e-01,1.006330549716949463e-01,6.720981001853942871e-02,1.946605890989303589e-01
6.357850879430770874e-02,1.468408107757568359e-02,2.500524520874023438e-01,1.685128547251224518e-02,1.468408107757568359e-02,1.468408107757568359e-02,5.842651799321174622e-02,7.266176939010620117e-01,5.912901759147644043e-01,9.446405619382858276e-02,6.321048736572265625e-02,1.963942199945449829e-01
5.969478562474250793e-02,1.343584526330232620e-02,2.604072988033294678e-01,1.618413254618644714e-02,1.343584526330232620e-02,1.343584526330232620e-02,6.070244684815406799e-02,7.322428226470947266e-01,5.808324217796325684e-01,8.851964771747589111e-02,5.935156345367431641e-02,1.980709582567214966e-01
5.591826885938644409e-02,1.224362943321466446e-02,2.705120444297790527e-01,1.551650464534759521e-02,1.224362943321466446e-02,1.224362943321466446e-02,6.302924454212188721e-02,7.375833988189697266e-01,5.702482461929321289e-01,8.275349438190460205e-02,5.560333654284477234e-02,1.997023522853851318e-01
5.222209170460700989e-02,1.109806261956691742e-02,2.804361879825592041e-01,1.484443247318267822e-02,1.109806261956691742e-02,1.109806261956691742e-02,6.541849672794342041e-02,7.426810860633850098e-01,5.594788193702697754e-01,7.712399959564208984e-02,5.193896219134330750e-02,2.012994438409805298e-01
4.858181253075599670e-02,9.991293773055076599e-03,2.902451753616333008e-01,1.416370924562215805e-02,9.991293773055076599e-03,9.991293773055076599e-03,6.788463890552520752e-02,7.475715279579162598e-01,5.484583973884582520e-01,7.159374654293060303e-02,4.833415523171424866e-02,2.028729617595672607e-01
4.497510939836502075e-02,8.916880935430526733e-03,3.000009953975677490e-01,1.346986088901758194e-02,8.916880935430526733e-03,8.916880935430526733e-03,7.044497132301330566e-02,7.522852420806884766e-01,5.371136665344238281e-01,6.612904369831085205e-02,4.476688057184219360e-02,2.044331729412078857e-01
4.138171300292015076e-02,7.869798690080642700e-03,3.097626864910125732e-01,1.275811344385147095e-02,7.869798690080642700e-03,7.869798690080642700e-03,7.311998307704925537e-02,7.568471431732177734e-01,5.253633260726928711e-01,6.069988012313842773e-02,4.121730104088783264e-02,2.059902697801589966e-01
3.778356313705444336e-02,6.846561562269926071e-03,3.195865154266357422e-01,1.202333439141511917e-02,6.846561562269926071e-03,6.846561562269926071e-03,7.593372464179992676e-02,7.612772583961486816e-01,5.131170749664306641e-01,5.528013035655021667e-02,3.766792267560958862e-02,2.075543552637100220e-01
3.416528925299644470e-02,5.845519714057445526e-03,3.295254707336425781e-01,1.126001589000225067e-02,5.845519714057445526e-03,5.845519714057445526e-03,7.891449332237243652e-02,7.655901312828063965e-01,5.002748966217041016e-01,4.984844103455543518e-02,3.410412743687629700e-02,2.091356366872787476e-01
3.051520697772502899e-02,4.867388866841793060e-03,3.396282792091369629e-01,1.046225894242525101e-02,4.867388866841793060e-03,4.867388866841793060e-03,8.209566026926040649e-02,7.697944045066833496e-01,4.867266714572906494e-01,4.438989236950874329e-02,3.051520697772502899e-02,2.107446342706680298e-01
2.682716213166713715e-02,3.916124347597360611e-03,3.499367237091064453e-01,9.623834863305091858e-03,3.916124347597360611e-03,3.916124347597360611e-03,8.551672101020812988e-02,7.738918662071228027e-01,4.723527729511260986e-01,3.889899700880050659e-02,2.689622528851032257e-02,2.123924046754837036e-01

Feature: melspectrogram
3.709661832544952631e-04,2.425959100946784019e-03,2.661608625203371048e-03,2.136310562491416931e-03,1.549494685605168343e-03,2.724153921008110046e-03,5.563489161431789398e-03,3.126724623143672943e-03,1.267864834517240524e-03,2.909749455284327269e-04,1.504781423136591911e-03,2.421282930299639702e-03,2.668824046850204468e-03,2.119707176461815834e-03,2.139263227581977844e-02,1.318531185388565063e-01,7.992972433567047119e-02,1.198012195527553558e-02,1.049429643899202347e-02,4.777821712195873260e-03,1.300772302784025669e-03,3.797962563112378120e-04,4.696453688666224480e-04,1.119861626648344100e-04,1.118066604249179363e-03,4.877462983131408691e-03,5.906289443373680115e-03,3.795286174863576889e-03,1.999612897634506226e-02,1.528479158878326416e-01,5.358569622039794922e-01,3.311065435409545898e-01,1.218180656433105469e-01,1.164149213582277298e-02,4.523197188973426819e-03,5.229704547673463821e-03,1.889822306111454964e-03,8.597694104537367821e-04,4.610121250152587891e-04,3.899467119481414557e-04,5.480856052599847317e-04,3.469919320195913315e-04,3.179034683853387833e-04,9.263576794182881713e-05,4.630562034435570240e-04,7.814801647327840328e-04,1.683012465946376324e-03,1.760068815201520920e-03,2.555429236963391304e-04,1.217211538460105658e-04,1.402858470100909472e-04,6.539061723742634058e-05,1.130303644458763301e-04,2.979069540742784739e-04,5.530663183890283108e-04,4.217578563839197159e-03,5.456450860947370529e-03,5.856587667949497700e-04,1.072772080078721046e-03,1.529566070530563593e-04,4.736114351544529200e-05,4.963451283401809633e-05,8.277880988316610456e-05,2.276586747029796243e-04,4.016529710497707129e-04,4.696025571320205927e-04,8.791231666691601276e-04,1.412300742231309414e-03,1.193963224068284035e-03,1.118158688768744469e-03,2.126143546774983406e-03,3.960083704441785812e-03,6.771782645955681801e-04,1.098196444218046963e-04,2.341766812605783343e-04,2.888107555918395519e-04,2.620866987854242325e-03,4.605187568813562393e-03,5.317248869687318802e-04,3.376319946255534887e-04,2.148930070688948035e-05,8.162286248989403248e-04,1.866337377578020096e-03,1.988764997804537416e-04,2.488188692950643599e-05,6.163612852105870843e-05,3.242868406232446432e-04,1.625479198992252350e-04,2.069651782221626490e-05,1.259571727132424712e-04,4.592814657371491194e-04,1.951719896169379354e-04,1.245060848305001855e-04,1.118498621508479118e-03,3.286009887233376503e-03,3.066161880269646645e-03,3.365705721080303192e-03,5.645982455462217331e-03,1.746482565067708492e-03,5.816315533593297005e-04,3.272245812695473433e-04,7.882277714088559151e-05,1.829653483582660556e-04,4.339947772677987814e-04,1.249574852408841252e-04,1.808186352718621492e-04,2.912131603807210922e-04,2.741608477663248777e-04,1.515157346148043871e-04,1.511175378254847601e-05,1.286544602407957427e-06,6.069834626032388769e-07,4.071151806783745997e-07,3.248211726258887211e-07,2.928875346697168425e-07,2.579209876785171218e-07,2.506906469079694944e-07,2.404640042641403852e-07,2.222226669346127892e-07,2.172195223693051958e-07,2.116897519499616465e-07,1.906290094666474033e-07,1.813000523043228895e-07,1.611355600061870064e-07,1.581836102104716701e-07,1.450141553505090997e-07,9.872424300283455523e-08,2.475558602554883691e-08
3.887108177877962589e-04,9.110450744628906250e-03,1.325199007987976074e-02,4.394445568323135376e-03,3.350268350914120674e-03,1.559741795063018799e-03,4.518730100244283676e-03,4.768903367221355438e-03,3.363780910149216652e-03,3.367534663993865252e-04,1.123900641687214375e-03,1.096668653190135956e-03,1.712623983621597290e-03,3.325825557112693787e-03,4.392004758119583130e-02,2.563205361366271973e-01,7.478680461645126343e-02,1.787727698683738708e-02,1.194645930081605911e-02,4.970474168658256531e-03,1.078850007615983486e-03,9.053872781805694103e-04,3.573280409909784794e-04,3.338525129947811365e-04,7.691020728088915348e-04,2.682729624211788177e-03,2.768659731373190880e-03,2.192523796111345291e-03,1.363086700439453125e-02,2.746292054653167725e-01,3.664114952087402344e+00,1.631070613861083984e+00,1.983979940414428711e-01,2.478624135255813599e-02,7.084084674715995789e-03,5.514556076377630234e-03,5.282735219225287437e-04,2.361181250307708979e-04,1.237192336702719331e-04,2.283147769048810005e-04,8.274381980299949646e-04,7.296213880181312561e-04,2.614742552395910025e-04,2.641540049808099866e-05,3.852228401228785515e-04,6.380102131515741348e-04,2.726022852584719658e-03,2.608369570225477219e-03,2.156341070076450706e-04,4.171639375272206962e-05,1.444286317564547062e-04,9.244498505722731352e-05,2.217952278442680836e-04,6.006181938573718071e-04,3.491666575428098440e-04,8.588816970586776733e-03,1.403058692812919617e-02,1.060845330357551575e-03,1.044032978825271130e-03,1.501012011431157589e-04,2.384899926255457103e-05,4.019442712888121605e-05,2.256787265650928020e-04,4.886282840743660927e-04,2.313994569703936577e-03,6.933577242307364941e-04,8.445318671874701977e-04,1.035766093991696835e-03,1.084439340047538280e-03,9.620363125577569008e-04,2.035017590969800949e-03,8.108665235340595245e-03,1.391608268022537231e-03,3.680514346342533827e-04,5.090050981380045414e-04,4.421749617904424667e-04,4.770632367581129074e-03,7.953153923153877258e-03,5.795530159957706928e-04,5.902695702388882637e-04,8.294455619761720300e-05,1.361279981210827827e-03,3.883564146235585213e-03,2.291303826496005058e-04,3.064951670239679515e-05,6.322539411485195160e-05,9.492616518400609493e-04,4.843773494940251112e-04,7.692323379160370678e-06,1.409376418450847268e-04,5.893050692975521088e-04,3.129427786916494370e-04,1.620125258341431618e-04,3.945662174373865128e-03,1.672611385583877563e-02,3.007571678608655930e-03,2.600633539259433746e-03,8.236050605773925781e-03,3.557356074452400208e-03,1.127927331253886223e-03,1.856520771980285645e-03,4.924490349367260933e-04,2.899378305301070213e-04,8.635899284854531288e-04,3.010350046679377556e-04,2.910744224209338427e-04,5.901494878344237804e-04,3.548833483364433050e-04,3.531009424477815628e-04,3.473249307717196643e-05,5.817998953716596588e-07,4.796407324647589121e-07,1.146732628853897040e-07,8.389972094846598338e-08,7.772084131829615217e-08,6.820324216505468939e-08,6.490505910505817155e-08,6.289701559580862522e-08,5.849127404644605122e-08,5.596000107743748231e-08,5.493864563277384150e-08,4.953065158019853698e-08,4.808492093388849753e-08,4.194004432633846591e-08,4.209766046869845013e-08,3.947753057786940190e-08,2.654112840616562607e-08,6.325537427187555295e-09
3.893224929925054312e-04,6.614774465560913086e-03,9.798808954656124115e-03,3.553868969902396202e-03,1.136562786996364594e-02,2.438140567392110825e-03,2.983337733894586563e-03,4.839042667299509048e-03,6.327164825052022934e-03,1.560596632771193981e-03,2.674198476597666740e-03,5.915305227972567081e-04,1.677147462032735348e-03,4.885823465883731842e-03,7.435698807239532471e-02,1.568993330001831055e-01,1.538630202412605286e-02,2.074773237109184265e-02,1.548302266746759415e-02,5.313713569194078445e-03,4.378852609079331160e-04,4.066604597028344870e-04,2.239952591480687261e-04,7.954967441037297249e-04,6.042171153239905834e-04,3.573264111764729023e-04,4.111239104531705379e-04,4.773496184498071671e-03,1.384608913213014603e-02,3.239029049873352051e-01,7.484973907470703125e+00,3.184334278106689453e+00,1.319468170404434204e-01,2.219557575881481171e-02,4.315713420510292053e-03,3.096960252150893211e-03,1.246670872205868363e-04,3.189552808180451393e-05,1.674879240454174578e-05,1.108445285353809595e-04,3.301992255728691816e-04,3.567950334399938583e-04,3.088582307100296021e-04,1.407172385370358825e-04,2.967415493912994862e-04,6.858094129711389542e-04,2.350433031097054482e-03,2.312785014510154724e-03,4.392290720716118813e-04,8.591939695179462433e-05,2.292238350491970778e-04,1.416341110598295927e-04,1.270141074201092124e-04,2.031957119470462203e-04,1.983297697734087706e-04,5.789413582533597946e-03,3.422271087765693665e-02,3.888121340423822403e-03,3.088198718614876270e-04,9.258236241294071078e-05,4.913414886686950922e-05,2.263408387079834938e-04,1.646258460823446512e-04,4.724315367639064789e-04,7.756728678941726685e-03,4.581819754093885422e-03,5.402140668593347073e-04,4.978727665729820728e-04,1.212246599607169628e-03,4.017752653453499079e-04,2.338330494239926338e-03,1.072802953422069550e-02,3.041842021048069000e-03,3.454103716649115086e-04,4.942205268889665604e-04,1.914196909638121724e-04,3.091788850724697113e-03,8.583375252783298492e-03,2.701396879274398088e-04,3.734904748853296041e-04,2.534803934395313263e-04,8.236187859438359737e-04,4.593010060489177704e-03,3.626212128438055515e-04,5.287415842758491635e-05,3.231079972465522587e-05,2.621456049382686615e-03,1.532508293166756630e-03,3.520250402289093472e-06,3.476341225905343890e-05,3.653535386547446251e-04,2.717071911320090294e-04,2.317299949936568737e-04,3.775747958570718765e-03,1.941284537315368652e-02,1.206536428071558475e-03,2.002167748287320137e-03,7.510771509259939194e-03,3.596196882426738739e-03,2.355449367314577103e-03,4.497975111007690430e-03,1.247299136593937874e-03,2.752651053015142679e-04,7.905319216661155224e-04,4.402558843139559031e-04,4.207332385703921318e-04,9.736208012327551842e-04,1.992886973312124610e-04,5.808442365378141403e-04,1.452176511520519853e-04,5.892001354368403554e-05,5.975209205644205213e-05,1.013013530837270082e-07,3.604678111557291231e-09,2.774193319510231959e-09,2.432366752458392511e-09,1.948817551777892731e-09,2.763508977210449302e-09,3.059843933783668035e-09,1.576417774096228186e-09,2.447685609752170421e-09,2.827213130274230934e-09,3.906633239125767432e-09,2.088651918086270598e-09,2.775474516880649389e-09,3.309920781902064846e-09,1.745292466104331197e-09,1.067621130390605799e-10
5.155446124263107777e-04,3.560240380465984344e-03,3.257761243730783463e-03,3.668914781883358955e-03,1.352983340620994568e-02,5.456030834466218948e-03,4.547716118395328522e-03,3.912704065442085266e-03,3.463029861450195312e-03,1.432594377547502518e-03,2.933967160061001778e-03,2.066269516944885254e-03,1.974137965589761734e-03,6.713636219501495361e-03,1.132634580135345459e-01,2.271885573863983154e-01,2.206455357372760773e-02,1.241102628409862518e-02,1.823945529758930206e-02,4.673480521887540817e-03,6.801522686146199703e-04,4.891510470770299435e-04,3.531586844474077225e-04,5.966903408989310265e-04,2.176903653889894485e-04,2.576211991254240274e-04,6.852268124930560589e-04,3.071298822760581970e-03,6.759080570191144943e-03,3.168324828147888184e-01,8.453442573547363281e+00,7.183647632598876953e+00,5.486335754394531250e-01,1.033134851604700089e-02,1.456323196180164814e-03,1.075344975106418133e-03,4.197779053356498480e-04,1.604353892616927624e-04,2.493741631042212248e-04,1.632481289561837912e-04,6.188635597936809063e-04,4.107620625291019678e-04,4.140947130508720875e-04,3.112327540293335915e-04,1.678070053458213806e-03,1.683458499610424042e-02,8.710431866347789764e-03,1.640325412154197693e-03,6.375405355356633663e-04,6.487018254119902849e-05,4.761803575092926621e-05,2.891799704229924828e-05,1.538105570944026113e-04,3.229971334803849459e-04,4.564155533444136381e-04,1.341967843472957611e-02,1.785691827535629272e-01,2.465006895363330841e-02,6.395995733328163624e-04,2.747262769844383001e-04,1.228801702382043004e-04,2.005404239753261209e-04,7.268122863024473190e-05,2.900901890825480223e-04,3.135104104876518250e-02,2.478845044970512390e-02,6.684512482024729252e-04,4.921928048133850098e-04,1.704226015135645866e-03,7.318883435800671577e-04,2.064968692138791084e-03,1.074098050594329834e-02,5.431805271655321121e-03,3.502744366414844990e-04,1.559455558890476823e-04,6.190552085172384977e-05,1.213036943227052689e-03,5.923226475715637207e-03,8.101949351839721203e-04,1.399724569637328386e-04,2.686554507818073034e-04,4.885854432359337807e-04,2.064222935587167740e-03,3.773739445023238659e-04,3.117075539194047451e-05,4.735562833957374096e-05,2.042981795966625214e-03,1.451927120797336102e-03,3.142557488899910823e-06,2.227009645139332861e-05,3.257684002164751291e-04,4.423520003911107779e-04,1.968922151718288660e-04,2.032294869422912598e-03,9.501527063548564911e-03,1.492640469223260880e-03,1.250089029781520367e-03,5.546649452298879623e-03,6.491350010037422180e-03,3.884890815243124962e-03,3.710402641445398331e-03,1.758491736836731434e-03,4.284846945665776730e-04,1.101454021409153938e-03,5.876044160686433315e-04,6.888697389513254166e-04,3.450075164437294006e-03,2.603246830403804779e-04,2.064285334199666977e-03,6.135723670013248920e-04,2.638589066918939352e-04,2.184030454372987151e-04,1.473687376574162045e-07,4.440035450414825391e-09,3.759661471036679359e-09,3.662809833215874278e-09,2.137418908532140449e-09,2.584928493476468248e-09,2.706921575779119848e-09,2.916036301314761658e-09,2.895611750375337579e-09,2.775401464205629054e-09,3.212141885811092834e-09,1.958905260224241829e-09,2.267454668469781609e-09,2.706385338058225898e-09,1.453040354704171477e-09,1.224822326895136371e-10
3.010863729286938906e-04,8.567627519369125366e-04,5.574048962444067001e-03,4.912392236292362213e-03,3.184031229466199875e-03,1.521893660537898540e-03,5.296020768582820892e-03,2.215762389823794365e-03,6.558459717780351639e-04,6.023454479873180389e-04,1.514832838438451290e-03,2.033512806519865990e-03,1.672576763667166233e-03,4.430517554283142090e-03,1.850050836801528931e-01,3.707772493362426758e-01,9.152383543550968170e-03,9.538191370666027069e-03,1.667125895619392395e-02,1.737773185595870018e-03,2.588726056274026632e-04,3.375905216671526432e-04,6.068900111131370068e-04,5.703030037693679333e-04,4.313529061619192362e-04,3.194817400071769953e-04,4.693629161920398474e-04,1.454151468351483345e-03,3.465975867584347725e-03,1.357146203517913818e-01,4.749898910522460938e+00,8.824078559875488281e+00,6.038594245910644531e-01,1.126256771385669708e-02,4.231453407555818558e-03,4.358959267847239971e-04,4.807845398318022490e-04,6.752309855073690414e-04,9.786515729501843452e-04,2.217357832705602050e-04,5.220835446380078793e-04,5.447178846225142479e-04,1.026466779876500368e-04,3.230887232348322868e-04,5.207626149058341980e-03,5.397999286651611328e-02,1.615767739713191986e-02,6.953733391128480434e-04,4.612309276126325130e-04,2.800793299684301019e-05,1.557840732857584953e-05,2.338195190532132983e-05,6.696525088045746088e-05,1.389209355693310499e-04,1.949777506524696946e-04,1.735076867043972015e-02,1.925981938838958740e-01,2.428447268903255463e-02,4.086659464519470930e-04,6.811001221649348736e-04,5.212753312662243843e-04,1.007418322842568159e-04,1.090201913029886782e-04,4.874740843661129475e-04,7.140216976404190063e-02,4.148615524172782898e-02,5.755813908763229847e-04,5.981002468615770340e-04,1.489078393206000328e-03,1.420392771251499653e-03,2.007422037422657013e-03,1.593419909477233887e-02,4.060016479343175888e-03,3.222558007109910250e-04,4.624568828148767352e-05,2.200093585997819901e-04,4.543856717646121979e-03,2.290738746523857117e-02,1.753848046064376831e-03,2.432996989227831364e-04,3.654061001725494862e-04,2.464263525325804949e-04,1.868906081654131413e-03,5.014403723180294037e-04,8.084470755420625210e-05,1.884630473796278238e-04,9.710938902571797371e-04,8.194539695978164673e-04,3.747672735698870383e-06,1.041682480718009174e-04,7.157798972912132740e-04,4.559291701298207045e-04,1.023659860948100686e-04,2.837045816704630852e-03,1.682201772928237915e-02,2.035320736467838287e-03,9.126444929279386997e-04,1.472319848835468292e-02,1.143320556730031967e-02,3.816745942458510399e-03,3.147768089547753334e-03,1.423366251401603222e-03,4.219578695483505726e-04,1.507981214672327042e-03,3.650083090178668499e-04,8.347199182026088238e-04,3.222482511773705482e-03,3.078692243434488773e-04,2.368947491049766541e-03,3.489701193757355213e-04,2.489643520675599575e-04,1.597910304553806782e-04,9.559826708027685527e-08,3.418699323631813058e-09,3.200743448061871277e-09,3.762947731189569822e-09,2.431239209954583202e-09,3.519245561633965735e-09,2.741161964081584301e-09,3.026428885277709924e-09,2.162906742597670018e-09,2.850297331491447039e-09,1.989332254481723794e-09,2.681416866323615977e-09,2.788027586575481109e-09,2.987228686635035046e-09,1.206561961453189724e-09,9.683032153873227799e-11
9.571496048010885715e-05,5.006759311072528362e-04,6.748002022504806519e-03,1.667617447674274445e-02,1.042322907596826553e-02,5.250924150459468365e-04,3.457634709775447845e-03,3.052837913855910301e-03,1.764577813446521759e-03,9.049224318005144596e-04,1.252425136044621468e-03,1.904438133351504803e-03,7.792970282025635242e-04,4.136861301958560944e-03,3.536689281463623047e-01,6.534819602966308594e-01,1.665365695953369141e-02,1.185475382953882217e-02,3.959900699555873871e-03,1.374898711219429970e-03,1.109607983380556107e-04,6.321571418084204197e-04,1.600765739567577839e-03,3.286992432549595833e-04,4.653669602703303099e-04,6.003563757985830307e-04,3.689364821184426546e-04,2.129953587427735329e-03,9.220285341143608093e-03,1.228645801544189453e+00,8.442078590393066406e+00,5.491999626159667969e+00,1.749230623245239258e-01,1.264854986220598221e-02,5.933464039117097855e-03,7.177485385909676552e-04,1.237995456904172897e-03,7.022329955361783504e-04,6.032576784491539001e-04,3.745454887393862009e-04,2.890142495743930340e-04,4.095950280316174030e-04,5.668952362611889839e-04,1.738174236379563808e-03,3.897314518690109253e-02,6.075582280755043030e-02,6.626805756241083145e-03,7.272950606420636177e-04,1.994268386624753475e-04,6.112609116826206446e-05,3.267254505772143602e-04,2.386528794886544347e-04,1.990596501855179667e-05,1.982993708224967122e-04,3.530361864250153303e-04,6.498809903860092163e-02,1.646015793085098267e-01,1.640308462083339691e-02,4.571906756609678268e-04,9.918495779857039452e-04,5.431710742413997650e-04,2.330115821678191423e-04,4.031362477689981461e-04,9.650604799389839172e-03,7.055193185806274414e-02,4.237271845340728760e-02,1.102356240153312683e-03,8.318545296788215637e-04,1.491308212280273438e-03,1.522146980278193951e-03,2.838042750954627991e-02,6.797955185174942017e-02,3.390067024156451225e-03,2.394125331193208694e-04,1.000497286440804601e-04,4.042238870169967413e-04,1.441080309450626373e-02,6.420821696519851685e-02,1.343876123428344727e-03,2.653145638760179281e-04,4.411365371197462082e-04,8.075722726061940193e-04,1.924316515214741230e-03,3.914799308404326439e-04,3.017315430042799562e-05,1.424317451892420650e-04,2.092642243951559067e-03,1.348439138382673264e-03,1.421963315806351602e-05,5.925274454057216644e-04,1.766555011272430420e-03,1.810838293749839067e-04,2.500188202247954905e-05,2.489751903340220451e-03,1.687943935394287109e-02,2.855171915143728256e-03,1.826124638319015503e-02,5.084440112113952637e-02,1.314871013164520264e-02,5.137837026268243790e-03,3.953489940613508224e-03,8.599465363658964634e-04,2.913189528044313192e-04,1.463881228119134903e-03,8.572950173402205110e-05,7.492722943425178528e-04,2.380518009886145592e-03,6.106804357841610909e-04,2.102255821228027344e-03,1.873271248769015074e-04,3.066294011659920216e-04,6.637676415266469121e-05,4.187938529298662615e-08,3.405473014694848644e-09,2.403858223587462817e-09,3.346090515776722896e-09,2.793099085351968824e-09,3.872028475626621002e-09,1.800308013777396354e-09,1.865054999328208396e-09,2.099415752354616416e-09,2.212534377932229290e-09,2.415032840374919942e-09,3.167781592594565154e-09,2.453317771156093841e-09,3.936204695520473251e-09,1.159440321529814355e-09,1.171903407648500206e-10
3.023274475708603859e-04,4.778076836373656988e-04,2.083091530948877335e-03,8.279162459075450897e-03,1.383258309215307236e-02,1.132213626988232136e-03,4.005024675279855728e-03,4.164591897279024124e-03,2.813147380948066711e-03,7.491215947084128857e-04,1.170929754152894020e-03,1.344580785371363163e-03,2.008449053391814232e-03,6.477485876530408859e-03,5.394313335418701172e-01,6.982041597366333008e-01,2.874772250652313232e-02,9.113914333283901215e-03,4.182234988547861576e-04,2.378442557528614998e-03,8.036415674723684788e-04,2.026515314355492592e-03,1.328734913840889931e-03,4.344234184827655554e-04,9.077478316612541676e-04,6.398215191438794136e-04,6.664003594778478146e-04,3.163561224937438965e-03,1.229658257216215134e-02,9.930618286132812500e+00,4.528308868408203125e+01,7.741916179656982422e+00,2.295253574848175049e-01,2.256377600133419037e-03,2.679445780813694000e-03,4.619213868863880634e-04,6.043147295713424683e-04,9.105863864533603191e-04,1.086116899386979640e-04,6.497170543298125267e-04,3.534208226483315229e-04,1.470699207857251167e-04,6.330388132482767105e-04,8.907197974622249603e-03,2.432905733585357666e-01,1.571187376976013184e-01,7.552597671747207642e-03,8.198801660910248756e-04,1.591669861227273941e-04,2.578027197159826756e-04,7.437913445755839348e-04,4.141056560911238194e-04,7.306333282031118870e-05,4.231093334965407848e-04,2.946538152173161507e-03,1.689533889293670654e-01,2.743676602840423584e-01,3.185681253671646118e-02,1.166510162875056267e-03,1.236137235537171364e-03,2.640316379256546497e-04,1.560159143991768360e-04,3.728684387169778347e-04,7.625859975814819336e-02,3.086172938346862793e-01,9.479736536741256714e-02,7.656014640815556049e-04,7.237055688165128231e-04,1.265902072191238403e-03,3.709826618432998657e-03,1.610121876001358032e-01,1.241714432835578918e-01,3.223367966711521149e-03,5.919553586863912642e-05,9.195689199259504676e-05,6.175398011691868305e-04,4.739513993263244629e-02,5.454394966363906860e-02,1.855726237408816814e-03,6.010403012624010444e-05,4.137318173889070749e-04,5.700828041881322861e-03,1.156078302301466465e-03,7.793514669174328446e-05,3.741095133591443300e-05,1.834528171457350254e-03,3.572229994460940361e-03,1.368783181533217430e-03,1.768016409187112004e-05,3.316884161904454231e-03,5.128688644617795944e-03,2.086072636302560568e-04,1.388315140502527356e-04,9.380366653203964233e-03,1.126901246607303619e-02,3.763373708352446556e-03,7.664007693529129028e-02,8.476112037897109985e-02,6.252801977097988129e-03,1.915694214403629303e-02,1.359698455780744553e-02,5.535758682526648045e-04,7.202986307675018907e-05,9.764051064848899841e-04,3.387501637917011976e-04,8.405931293964385986e-04,1.804417814128100872e-03,2.692391164600849152e-03,2.151667606085538864e-03,7.042203797027468681e-04,4.538183857221156359e-04,6.482168828370049596e-05,1.492032311034563463e-07,3.704329065712386182e-09,3.243941115727011493e-09,2.554168876400808585e-09,1.632614599067494510e-09,2.901371143337883041e-09,2.872881044169162124e-09,2.262391163299071195e-09,1.995392295839337748e-09,2.121938180721372191e-09,2.456913339443644873e-09,3.076104260202328078e-09,2.984737790256986045e-09,3.451662955455958581e-09,1.669585580899024535e-09,1.239555402765546432e-10
2.703810459934175014e-04,1.419531297869980335e-03,4.602513741701841354e-03,5.189150106161832809e-03,8.870851248502731323e-03,1.241092686541378498e-03,1.023380318656563759e-03,2.639534184709191322e-03,2.922835992649197578e-03,1.105188159272074699e-03,5.469165043905377388e-04,7.930539431981742382e-04,1.958273584023118019e-03,8.263411931693553925e-03,2.391045093536376953e-01,3.234534859657287598e-01,1.083453558385372162e-02,2.771693048998713493e-03,1.078245462849736214e-03,2.393563743680715561e-03,3.678940469399094582e-03,2.429126296192407608e-03,1.397480373270809650e-03,1.360522466711699963e-03,1.425376394763588905e-03,8.536697714589536190e-04,6.284156115725636482e-04,4.029047675430774689e-03,4.619258642196655273e-02,1.572285556793212891e+01,6.194385910034179688e+01,1.143197059631347656e+01,1.319690197706222534e-01,4.295528400689363480e-03,3.165764966979622841e-03,1.074169413186609745e-03,5.886690341867506504e-04,8.067740127444267273e-04,3.309636667836457491e-04,5.610940279439091682e-04,2.315014862688258290e-04,4.989757144358009100e-05,3.559911856427788734e-04,1.360404398292303085e-02,3.655157685279846191e-01,1.175446510314941406e-01,5.491596180945634842e-03,4.374881682451814413e-04,7.212075433926656842e-05,1.069819118129089475e-04,1.323149626841768622e-04,7.248196197906509042e-05,1.597635273355990648e-04,2.492081548552960157e-04,6.593625992536544800e-03,2.087460458278656006e-01,3.920567035675048828e-01,3.190457820892333984e-02,1.834184862673282623e-03,8.473865455016493797e-04,1.836699957493692636e-04,3.605065867304801941e-04,8.852199534885585308e-04,2.481563687324523926e-01,3.497169315814971924e-01,8.029034733772277832e-02,4.467925464268773794e-04,7.241067360155284405e-04,7.105372496880590916e-04,5.586635321378707886e-03,3.803591728210449219e-01,9.915482997894287109e-02,3.787116380408406258e-03,1.525654661236330867e-04,1.079203793779015541e-04,1.018361421301960945e-03,5.808035284280776978e-02,1.957846432924270630e-02,8.005290292203426361e-04,4.233378786011599004e-05,1.067713717930018902e-03,2.215148508548736572e-02,2.391561167314648628e-03,6.329161260509863496e-05,8.228803926613181829e-05,6.787550635635852814e-03,6.137535907328128815e-03,7.205930887721478939e-04,2.276121631439309567e-05,9.731085039675235748e-03,8.445120416581630707e-03,3.100507310591638088e-04,5.945997545495629311e-04,3.346382826566696167e-02,7.429890334606170654e-03,2.953876275569200516e-03,6.304138898849487305e-02,4.535402730107307434e-02,6.117539945989847183e-03,2.740575000643730164e-02,1.141030900180339813e-02,4.690249043051153421e-04,4.465155652724206448e-04,4.203508142381906509e-04,5.932333879172801971e-04,1.120084547437727451e-03,9.701765957288444042e-04,7.358670234680175781e-03,1.492977142333984375e-03,8.896473445929586887e-04,3.741121618077158928e-04,7.390578048216411844e-06,2.339670714945896179e-07,3.008787441416416186e-09,2.824160905134931454e-09,2.337112059436208256e-09,1.973364138763145093e-09,2.974744006678520236e-09,2.912009300359841291e-09,2.530625042851397666e-09,2.733772985763494034e-09,2.178515368100875094e-09,2.879887661677571487e-09,4.089315108757318740e-09,4.899691319337762252e-09,3.291414474304588111e-09,2.227396045384466561e-09,7.688567837949022987e-11
1.165544614195823669e-03,4.711139015853404999e-03,4.438356030732393265e-03,5.998335778713226318e-03,3.998134750872850418e-03,1.295999391004443169e-03,6.327532464638352394e-04,2.299012150615453720e-03,2.929698675870895386e-03,8.646507631056010723e-04,1.205768421641550958e-04,4.176391230430454016e-04,8.973092772066593170e-04,4.621271975338459015e-03,1.779454052448272705e-01,3.627505302429199219e-01,2.209248580038547516e-02,1.606199075467884541e-03,5.093940417282283306e-04,1.001214492134749889e-03,3.790906863287091255e-03,1.623226562514901161e-03,3.184871980920433998e-03,4.443605896085500717e-03,3.234201343730092049e-03,1.836883253417909145e-03,6.461982266046106815e-04,2.585855545476078987e-03,4.438555240631103516e-02,1.249928092956542969e+01,2.015465927124023438e+01,8.911366462707519531e+00,1.358429044485092163e-01,4.598026163876056671e-03,3.712671110406517982e-03,1.817098702304065228e-03,3.194127348251640797e-04,5.479728570207953453e-04,2.490019542165100574e-04,2.379339421167969704e-04,1.014960362226702273e-04,1.353137340629473329e-04,1.773807336576282978e-03,4.936672002077102661e-02,6.370568275451660156e-01,1.699675768613815308e-01,4.668776877224445343e-03,3.286210994701832533e-04,4.584211274050176144e-05,4.506429468165151775e-05,4.321170126786455512e-05,4.722697485703974962e-05,1.579212257638573647e-04,5.029835156165063381e-04,1.394258439540863037e-02,1.709282398223876953e-01,2.310621440410614014e-01,3.017876297235488892e-02,2.338716061785817146e-03,1.274363370612263680e-03,1.800176687538623810e-04,7.667806348763406277e-04,3.618200775235891342e-03,5.367403626441955566e-01,4.240562915802001953e-01,1.920344866812229156e-02,6.399877020157873631e-04,1.555705792270600796e-03,9.612562134861946106e-04,8.319706656038761139e-03,1.269826292991638184e+00,2.429390549659729004e-01,1.753814169205725193e-03,1.967768621398136020e-04,2.390031586401164532e-04,4.693303722888231277e-03,5.624554306268692017e-02,1.176856737583875656e-02,3.828265471383929253e-04,2.957246033474802971e-05,5.583466030657291412e-03,3.955699130892753601e-02,3.634609980508685112e-03,1.555953349452465773e-04,1.135394704760983586e-04,1.154864300042390823e-02,7.317152805626392365e-03,2.503961150068789721e-04,2.768064041447360069e-05,1.406044326722621918e-02,9.516651742160320282e-03,2.492206986062228680e-04,2.718197181820869446e-03,7.864697277545928955e-02,6.534855812788009644e-03,8.507615886628627777e-03,4.543942511081695557e-01,8.557660132646560669e-02,5.865288432687520981e-03,2.877078764140605927e-02,7.726491894572973251e-03,6.786512094549834728e-04,1.625615288503468037e-03,1.073023304343223572e-04,9.367871680296957493e-04,1.331135281361639500e-03,5.435172934085130692e-04,1.027259137481451035e-02,6.747810402885079384e-04,1.260356977581977844e-03,5.185028421692550182e-04,1.420825583409168757e-06,5.146494004293344915e-07,3.382551128083832737e-09,3.853686258992183866e-09,3.542699023029172167e-09,3.350848931660266317e-09,3.523938252314451347e-09,3.042088136950837907e-09,2.555824885064339469e-09,3.191866770890783300e-09,1.875304134202337991e-09,2.058611059396753262e-09,3.203574294730060501e-09,3.780802337871591590e-09,3.916569291106952733e-09,2.243401020507462817e-09,4.401676245713304070e-11
1.650272053666412830e-03,9.103172458708286285e-03,7.525352761149406433e-03,9.447656571865081787e-03,3.459325525909662247e-03,5.900972755625844002e-04,1.070500584319233894e-03,1.517420168966054916e-03,2.732133027166128159e-03,1.125657116062939167e-03,3.208206035196781158e-04,5.837817443534731865e-04,7.532308227382600307e-04,3.947200719267129898e-03,4.996064901351928711e-01,5.409630537033081055e-01,1.939956471323966980e-02,4.251350648701190948e-03,2.969717839732766151e-03,1.037150039337575436e-03,2.230509649962186813e-03,9.600605699233710766e-04,1.794278505258262157e-03,2.030995208770036697e-03,4.113105125725269318e-03,9.843147126957774162e-04,8.573342347517609596e-04,1.777031808160245419e-03,5.101597681641578674e-02,8.907688140869140625e+00,1.330639553070068359e+01,7.926918983459472656e+00,1.083662062883377075e-01,5.170024465769529343e-03,3.219568869099020958e-03,1.235693343915045261e-03,2.150382642867043614e-04,1.305719022639095783e-03,1.265749888261780143e-04,1.487338013248518109e-04,2.160141302738338709e-04,2.681422047317028046e-04,1.422582077793776989e-03,5.882917344570159912e-02,4.937720596790313721e-01,1.348916590213775635e-01,5.966444965451955795e-03,5.496502853929996490e-04,9.294307528762146831e-05,1.377732405671849847e-04,7.895816816017031670e-05,1.861926430137827992e-04,2.671326219569891691e-04,9.078607545234262943e-04,8.241160959005355835e-02,3.590021133422851562e-01,9.133507311344146729e-02,1.215158309787511826e-02,2.355270786210894585e-03,1.292530214414000511e-03,1.913398009492084384e-04,8.361529326066374779e-04,4.325658082962036133e-03,4.937804341316223145e-01,3.075284063816070557e-01,6.493245717138051987e-03,2.289802301675081253e-03,1.915171975269913673e-03,2.191547770053148270e-03,6.822869926691055298e-02,3.388742446899414062e+00,4.171355366706848145e-01,1.270419918000698090e-03,7.020793855190277100e-04,3.602626384235918522e-04,1.260335929691791534e-02,5.428314954042434692e-02,5.264831241220235825e-03,3.593972069211304188e-04,1.203272404382005334e-05,7.740984670817852020e-03,2.705208025872707367e-02,2.619058126583695412e-03,1.628523459658026695e-04,3.409738710615783930e-04,2.890452183783054352e-02,9.609225206077098846e-03,5.038898598286323249e-05,5.110318670631386340e-05,7.946166209876537323e-03,5.299505777657032013e-03,1.731479860609397292e-04,6.722684949636459351e-03,6.675465404987335205e-02,3.233912866562604904e-03,1.439546234905719757e-02,1.740177989006042480e+00,1.770252734422683716e-01,4.718422889709472656e-03,4.112507775425910950e-02,5.415661726146936417e-03,4.294503596611320972e-04,2.265152987092733383e-03,4.334913319326005876e-05,2.245341893285512924e-03,2.700352109968662262e-03,8.783804951235651970e-04,9.161139838397502899e-03,7.827852386981248856e-04,1.418503001332283020e-03,5.673717241734266281e-04,1.481965227867476642e-06,5.266418838800746016e-07,3.589946118154330179e-09,2.700314416514970617e-09,2.831230139221929676e-09,2.945938382126200850e-09,2.429042966767269718e-09,2.732353010514998459e-09,3.877899779070048680e-09,3.534579740005483472e-09,1.865611221063545599e-09,2.146734345842560288e-09,2.418175659713028836e-09,2.126064657659298973e-09,2.684204858383054670e-09,1.879981947894293626e-09,1.071311858669155015e-10
1.541780540719628334e-03,5.545156542211771011e-03,3.722577821463346481e-03,7.254556752741336823e-03,5.271162837743759155e-03,4.123589314986020327e-04,2.617776626721024513e-03,2.747494261711835861e-03,4.673404619097709656e-03,2.588831819593906403e-03,9.337973897345364094e-04,1.506228116340935230e-03,1.551650231704115868e-03,2.053252235054969788e-02,7.354353666305541992e-01,2.478585690259933472e-01,7.023061625659465790e-03,2.526130527257919312e-03,4.928953945636749268e-03,1.988942734897136688e-03,2.700580051168799400e-03,1.277682487852871418e-03,1.000391086563467979e-03,8.997108670882880688e-04,2.834102837368845940e-03,9.680384537205100060e-04,1.297315466217696667e-03,1.559950993396341801e-03,1.536888182163238525e-01,1.427536773681640625e+01,1.944628143310546875e+01,3.886773109436035156e+00,3.321293368935585022e-02,2.443666104227304459e-03,2.771740313619375229e-03,6.992033449932932854e-04,1.201932900585234165e-03,2.684195758774876595e-03,3.833922964986413717e-04,5.654753767885267735e-04,6.397928809747099876e-04,4.403573693707585335e-04,9.773682104423642159e-04,8.650735020637512207e-02,2.081618010997772217e-01,4.262300208210945129e-02,5.466058384627103806e-03,1.156859565526247025e-03,1.372119731968268752e-04,1.645582087803632021e-04,6.089269299991428852e-05,1.358939480269327760e-04,3.210792492609471083e-04,1.064408686943352222e-03,2.809620499610900879e-01,8.108901381492614746e-01,6.087367981672286987e-02,7.221158128231763840e-03,1.263143611140549183e-03,5.154095124453306198e-04,9.107893856707960367e-05,3.808939654845744371e-04,1.102334819734096527e-02,2.911432981491088867e-01,8.279150724411010742e-02,2.760306233540177345e-03,1.100630499422550201e-03,1.241100835613906384e-03,1.683355076238512993e-03,7.598268240690231323e-02,3.543710470199584961e+00,2.877696752548217773e-01,1.266609295271337032e-03,4.890298005193471909e-04,3.838228294625878334e-04,3.667627647519111633e-02,1.013460159301757812e-01,2.771296072751283646e-03,1.230548805324360728e-04,2.741182106547057629e-05,9.297940880060195923e-03,3.127774223685264587e-02,2.304655266925692558e-03,2.860599779523909092e-04,6.122200866229832172e-04,5.097980797290802002e-02,1.459651160985231400e-02,4.266649921191856265e-05,3.549331449903547764e-04,1.877930201590061188e-02,5.485806148499250412e-03,6.648158305324614048e-04,1.558598130941390991e-02,5.792682617902755737e-02,1.299729803577065468e-03,4.694030433893203735e-02,2.649050951004028320e+00,1.789865195751190186e-01,1.498894393444061279e-02,1.763633191585540771e-01,7.969941012561321259e-03,9.943817276507616043e-04,4.820384550839662552e-03,4.343449472798965871e-05,3.064528573304414749e-03,3.443089779466390610e-03,9.103600168600678444e-04,9.327236562967300415e-03,1.075860694982111454e-03,2.479426562786102295e-03,6.045056506991386414e-04,2.285450591443805024e-06,7.977375844347989187e-07,5.054039853291669715e-09,2.449858760300571703e-09,2.380707853077979053e-09,2.774147800366222327e-09,2.873177695761341965e-09,2.319598513267351336e-09,3.624216704523064436e-09,3.693560790551941864e-09,2.793071995910167971e-09,3.301812157019412552e-09,3.850515017944644569e-09,1.692465501079709611e-09,1.816224060036120136e-09,1.402932214844554437e-09,1.360678514306101761e-10
1.265537808649241924e-03,5.586233921349048615e-03,7.018103729933500290e-03,5.451860837638378143e-03,3.022283082827925682e-03,3.943355113733559847e-04,2.863437170162796974e-03,3.821695456281304359e-03,5.000115372240543365e-03,1.770913368090987206e-03,1.066357828676700592e-03,2.537097781896591187e-03,2.622917061671614647e-03,4.605443030595779419e-02,1.830485582351684570e+00,6.452718973159790039e-01,1.254133693873882294e-02,1.109326141886413097e-03,2.521063433960080147e-03,2.203459152951836586e-03,1.457470236346125603e-03,2.422615420073270798e-03,3.756845369935035706e-03,3.130169818177819252e-03,3.334417240694165230e-03,1.998607534915208817e-03,2.194451633840799332e-03,1.512958481907844543e-02,4.766216278076171875e-01,3.197618865966796875e+01,1.821183204650878906e+01,1.736085176467895508e+00,1.213399507105350494e-02,6.928831338882446289e-03,5.596169736236333847e-03,1.652579754590988159e-03,2.209560247138142586e-03,2.266732277348637581e-03,6.213282467797398567e-04,2.916937926784157753e-03,1.512036775238811970e-03,1.088812365196645260e-03,5.685562733560800552e-03,6.849910020828247070e-01,1.299063920974731445e+00,5.604159086942672729e-02,4.462648183107376099e-03,3.282753750681877136e-03,3.585670201573520899e-04,2.378016652073711157e-04,1.982686226256191730e-04,1.342856849078088999e-04,3.000477154273539782e-04,2.158419229090213776e-03,3.408797383308410645e-01,7.770671248435974121e-01,1.027752924710512161e-02,1.481264247559010983e-03,3.993117425125092268e-04,3.807414759648963809e-05,2.475888759363442659e-04,5.180230364203453064e-04,7.483536750078201294e-02,6.999171972274780273e-01,5.871960148215293884e-02,2.075436292216181755e-03,4.287974152248352766e-04,2.044394612312316895e-03,1.547227380797266960e-03,6.826494634151458740e-02,1.975627064704895020e+00,2.090289592742919922e-01,6.536783766932785511e-04,1.306358171859756112e-04,7.571341702714562416e-04,1.658094972372055054e-01,3.035309314727783203e-01,2.146006794646382332e-03,1.663130824454128742e-04,1.349820086034014821e-04,3.908450156450271606e-02,1.064021363854408264e-01,2.195369917899370193e-03,2.849701850209385157e-04,7.265291060321033001e-04,5.016401782631874084e-02,1.300925854593515396e-02,4.429079126566648483e-05,2.672859700396656990e-03,3.789811208844184875e-02,3.742540953680872917e-03,5.650078528560698032e-04,2.966733276844024658e-02,6.539078056812286377e-02,2.435246948152780533e-03,1.715927720069885254e-01,1.809567689895629883e+00,8.920656144618988037e-02,1.107654944062232971e-01,4.908008873462677002e-01,1.449990551918745041e-02,2.745671896263957024e-03,5.415088497102260590e-03,9.663567470852285624e-05,2.262135734781622887e-03,1.884347759187221527e-03,5.526984576135873795e-03,1.364549808204174042e-02,1.112627331167459488e-03,5.908594466745853424e-03,7.402438204735517502e-04,3.157038918288890272e-06,1.972292466234648600e-06,3.454549757364588913e-09,3.647998791933559914e-09,2.291447032121141092e-09,1.653507997190217793e-09,3.634317513601104110e-09,2.939446686056612634e-09,2.684589661683389750e-09,2.510341046146891131e-09,2.950253819022918833e-09,3.461278375027632137e-09,3.788468649901233221e-09,3.111242818931714282e-09,1.937209503921621945e-09,1.316964093334149766e-09,1.427946094700871527e-10
8.791748550720512867e-04,3.014748683199286461e-03,4.516317509114742279e-03,1.632846146821975708e-02,8.318249136209487915e-03,3.863069578073918819e-04,2.420312492176890373e-03,3.480862826108932495e-03,1.207631267607212067e-02,9.820458479225635529e-03,1.630596583709120750e-03,1.989370211958885193e-03,6.713693030178546906e-03,1.399675607681274414e-01,3.814807415008544922e+00,1.334360122680664062e+00,1.202818378806114197e-02,1.334773027338087559e-03,3.060475224629044533e-03,2.601887797936797142e-03,4.278323613107204437e-04,4.082908853888511658e-03,9.564166888594627380e-03,7.805477362126111984e-03,7.114452775567770004e-03,1.905898447148501873e-03,2.196527086198329926e-03,1.521371118724346161e-02,3.654587745666503906e+00,4.243149566650390625e+01,1.533639717102050781e+01,1.893275260925292969e+00,4.213818162679672241e-02,3.765168599784374237e-03,1.796089694835245609e-03,1.464581582695245743e-03,1.068341895006597042e-03,1.195361604914069176e-03,1.391072873957455158e-03,2.968910615891218185e-03,1.891516381874680519e-03,1.838751719333231449e-03,3.209984302520751953e-02,2.289012432098388672e+00,2.561203956604003906e+00,5.302278697490692139e-02,3.273201175034046173e-03,2.360602840781211853e-03,3.515752032399177551e-04,3.723729168996214867e-04,3.970827092416584492e-04,4.245095187798142433e-04,4.139263764955103397e-04,1.320676878094673157e-02,1.426232337951660156e+00,1.333339095115661621e+00,5.261808633804321289e-03,2.964035840705037117e-03,1.998106599785387516e-04,8.866940333973616362e-05,3.375551605131477118e-04,1.947378506883978844e-03,2.737712860107421875e-01,1.443372726440429688e+00,1.600174754858016968e-01,4.076688550412654877e-03,1.685741823166608810e-03,4.452986642718315125e-03,6.618137005716562271e-03,5.311251282691955566e-01,9.466019272804260254e-01,8.226941525936126709e-02,6.479123840108513832e-04,2.523699949961155653e-04,3.389403456822037697e-03,3.446329236030578613e-01,2.301990985870361328e-01,2.989198779687285423e-03,1.661587157286703587e-04,1.881602220237255096e-04,4.593469575047492981e-02,1.105874106287956238e-01,1.514509320259094238e-03,1.932043669512495399e-04,3.975784406065940857e-03,4.211490973830223083e-02,6.371396128088235855e-03,3.767871021409519017e-05,4.498084541410207748e-03,3.547802567481994629e-02,4.132734145969152451e-03,9.708632132969796658e-04,5.956046655774116516e-02,5.310327932238578796e-02,1.957881031557917595e-03,2.145749330520629883e-01,5.260217189788818359e-01,2.062673121690750122e-02,3.319187462329864502e-01,5.794085264205932617e-01,1.351754181087017059e-02,8.131775073707103729e-03,6.834689993411302567e-03,1.136201899498701096e-03,5.792480427771806717e-03,1.954325940459966660e-03,1.393418945372104645e-02,1.842598058283329010e-02,2.916389144957065582e-03,6.066890899091959000e-03,2.947562607005238533e-04,9.292344316236267332e-07,1.266547042177990079e-05,2.261860936414450407e-05,1.105198919049144024e-07,3.662787406710776850e-08,2.630943685133502186e-09,2.811968879967707835e-09,2.715222269245032294e-09,2.296405288149117041e-09,2.987419200906060723e-09,2.333810922294787815e-09,2.256002273881563269e-09,2.772716722887480501e-09,3.344585053355331183e-09,2.486149730529518820e-09,1.778855729384076767e-09,1.867321020032619572e-10
9.497331338934600353e-04,3.030900610610842705e-03,4.295120947062969208e-03,1.260189898312091827e-02,6.830022204667329788e-03,3.756752237677574158e-03,1.919394475407898426e-03,2.001149114221334457e-03,8.929882198572158813e-03,1.653855666518211365e-02,2.793990075588226318e-03,1.518297824077308178e-03,3.446283284574747086e-03,4.077689349651336670e-01,3.608550071716308594e+00,4.729521274566650391e-01,6.758977193385362625e-03,1.028018537908792496e-03,2.632145071402192116e-03,7.391038816422224045e-03,9.013231610879302025e-04,4.484960343688726425e-03,1.139620877802371979e-02,1.207722816616296768e-02,2.779650036245584488e-03,1.111190882511436939e-03,2.421795157715678215e-03,1.532091200351715088e-02,9.538931846618652344e+00,3.441174697875976562e+01,5.775730133056640625e+00,9.319089651107788086e-01,3.773780539631843567e-02,2.634357893839478493e-03,1.289083156734704971e-03,8.223898475989699364e-04,1.741244806908071041e-03,1.386906486004590988e-03,7.955626351758837700e-04,1.141606015153229237e-03,1.815230119973421097e-03,6.514274980872869492e-03,4.547137394547462463e-02,2.595537185668945312e+00,1.159057855606079102e+00,5.510291829705238342e-02,1.563780009746551514e-03,1.141818705946207047e-03,3.055343695450574160e-04,3.218819038011133671e-04,4.321948217693716288e-04,9.916144190356135368e-04,1.583076780661940575e-03,4.656786099076271057e-02,2.612331151962280273e+00,1.411447763442993164e+00,1.336501445621252060e-02,5.508297123014926910e-03,4.277086700312793255e-04,5.327951512299478054e-04,1.591540407389402390e-03,3.355843946337699890e-03,1.049353361129760742e+00,2.359802722930908203e+00,2.261286824941635132e-01,4.566741641610860825e-03,2.219403395429253578e-03,3.396322252228856087e-03,9.807769209146499634e-03,3.813527584075927734e+00,3.717295169830322266e+00,2.397916093468666077e-02,9.410222410224378109e-04,3.724131674971431494e-04,7.350880187004804611e-03,4.898221790790557861e-01,1.162134408950805664e-01,3.392184153199195862e-03,4.445788799785077572e-04,4.356015706434845924e-04,4.608987271785736084e-02,5.088334530591964722e-02,7.503260276280343533e-04,2.123886079061776400e-04,1.360165514051914215e-02,3.684553876519203186e-02,1.269731903448700905e-03,3.667918281280435622e-05,4.772459622472524643e-03,1.904637180268764496e-02,2.584033412858843803e-03,1.065757009200751781e-03,6.464911997318267822e-02,3.254222124814987183e-02,1.984748290851712227e-03,3.357930183410644531e-01,5.305708646774291992e-01,1.764724776148796082e-02,5.638244748115539551e-01,3.832901418209075928e-01,8.261910639703273773e-03,1.093154121190309525e-02,4.996460862457752228e-03,1.840710639953613281e-03,9.577495977282524109e-03,1.671472098678350449e-03,5.793909542262554169e-03,5.477644037455320358e-03,4.109661560505628586e-03,5.928894504904747009e-03,3.584773512557148933e-04,6.094729201322479639e-07,3.960244066547602415e-04,7.434005965478718281e-04,6.656259756709914654e-07,1.322333673670073040e-07,2.397141152243875695e-08,2.506383545153312298e-09,2.159488365904849161e-09,2.084202810337387746e-09,2.693205880532900665e-09,2.847642122105753515e-09,2.568586898732405643e-09,2.390658337958484481e-09,2.734760196076990724e-09,3.481781529757199678e-09,1.551640038677248867e-09,9.675848317014512645e-11
6.171537563204765320e-03,1.328442711383104324e-02,1.105418242514133453e-02,5.145211238414049149e-03,5.087592639029026031e-03,4.294230602681636810e-03,4.941740538924932480e-03,6.825866643339395523e-03,2.208854071795940399e-02,2.361800707876682281e-02,2.261317335069179535e-03,8.072589989751577377e-04,2.180128503823652864e-04,6.292920112609863281e-01,3.067945957183837891e+00,1.097842603921890259e-01,7.257964927703142166e-03,1.666838652454316616e-03,6.136378273367881775e-03,6.419672165066003799e-03,2.792491810396313667e-03,1.301013026386499405e-02,2.053657360374927521e-02,1.420867629349231720e-02,5.314380861818790436e-03,1.184349064715206623e-03,5.760888569056987762e-03,2.824963815510272980e-02,9.494000434875488281e+00,7.387437438964843750e+01,1.444468212127685547e+01,4.493009448051452637e-01,4.118591919541358948e-02,4.122334066778421402e-03,2.969040535390377045e-03,3.986513242125511169e-03,1.250324072316288948e-03,2.986489329487085342e-03,1.195022370666265488e-03,3.823470033239573240e-04,2.497979672625660896e-03,6.545018870383501053e-03,3.855758160352706909e-02,2.710065364837646484e+00,8.991553783416748047e-01,2.054016292095184326e-02,2.235908992588520050e-03,1.212765229865908623e-03,4.821251204703003168e-04,1.907211262732744217e-04,1.958631619345396757e-04,3.241845697630196810e-04,2.103717997670173645e-03,3.612419962882995605e-02,1.152047634124755859e+00,3.360759019851684570e-01,1.483609247952699661e-02,1.952492981217801571e-03,2.602274180389940739e-04,5.842631217092275620e-04,2.446381375193595886e-03,8.147097192704677582e-03,1.483702659606933594e+00,1.646286845207214355e+00,5.582379922270774841e-02,3.537400625646114349e-03,1.687225187197327614e-03,3.428399795666337013e-03,8.830306120216846466e-03,5.040629863739013672e+00,4.474113941192626953e+00,2.740982361137866974e-02,1.191517920233309269e-03,7.912989240139722824e-04,6.446982268244028091e-03,4.054029881954193115e-01,5.447117984294891357e-02,3.218651283532381058e-03,3.752869379241019487e-04,6.053382530808448792e-04,3.671402111649513245e-02,2.635768800973892212e-02,2.583304012659937143e-04,5.601376760751008987e-04,4.238509014248847961e-02,4.134872183203697205e-02,8.536610985174775124e-04,9.674084867583587766e-05,7.363679818809032440e-03,1.747063919901847839e-02,7.805470377206802368e-04,1.121706794947385788e-03,7.732754945755004883e-02,3.194854035973548889e-02,6.080534309148788452e-03,5.509544014930725098e-01,5.055432915687561035e-01,1.447657588869333267e-02,7.284076213836669922e-01,4.180933535099029541e-01,2.838254440575838089e-03,8.731713518500328064e-03,3.444612026214599609e-03,2.621634164825081825e-03,9.173541329801082611e-03,5.914416979067027569e-04,1.209182664752006531e-03,9.059002040885388851e-04,5.362144671380519867e-03,4.320771433413028717e-03,1.204559812322258949e-04,4.640500321784202242e-07,5.440148524940013885e-04,1.012863707728683949e-03,1.006599404718144797e-06,1.149589579085841251e-07,3.130347181468096096e-08,3.117001545760444969e-09,2.855152780867342699e-09,3.705074247406514587e-09,3.606966281211043679e-09,4.853736967902477772e-09,3.130794734573782989e-09,2.562357437341233890e-09,2.603600446349219055e-09,3.252260682984342566e-09,1.708966745894713313e-09,3.721654651123174062e-10
9.691371582448482513e-03,1.295605860650539398e-02,2.156809158623218536e-02,1.360159181058406830e-02,5.083899479359388351e-03,7.655512890778481960e-04,4.587008617818355560e-03,4.942763131111860275e-03,1.797437667846679688e-02,2.164369262754917145e-02,3.656212706118822098e-03,4.139496479183435440e-03,2.120867744088172913e-02,7.245441079139709473e-01,3.474443912506103516e+00,3.357440233230590820e-01,3.025480546057224274e-02,2.161875553429126740e-02,1.800388470292091370e-02,2.867687307298183441e-02,6.941801402717828751e-03,5.649234354496002197e-02,4.077026247978210449e-02,2.264290116727352142e-02,2.578057907521724701e-02,3.465023636817932129e-02,7.764990627765655518e-02,3.306526243686676025e-01,1.081299209594726562e+01,8.368676757812500000e+01,1.462126922607421875e+01,2.302600741386413574e-01,8.080225437879562378e-02,3.501992300152778625e-02,4.275668412446975708e-02,2.735748700797557831e-02,1.957518048584461212e-02,1.274722535163164139e-02,1.417751051485538483e-02,1.334838848561048508e-02,1.257101632654666901e-02,2.063711173832416534e-02,2.016899883747100830e-01,3.421337127685546875e+00,1.231134176254272461e+00,1.512598805129528046e-02,4.620571620762348175e-03,1.528687658719718456e-03,9.674751199781894684e-04,5.961365532130002975e-04,8.406251436099410057e-04,1.725278911180794239e-03,2.913423813879489899e-03,9.244757890701293945e-02,9.063029289245605469e-01,1.211768761277198792e-01,1.516618300229310989e-02,4.987446125596761703e-03,5.141768604516983032e-03,4.639831837266683578e-03,6.759753450751304626e-03,3.131789714097976685e-02,1.248499870300292969e+00,1.150503396987915039e+00,1.878032833337783813e-02,8.836582303047180176e-03,6.441401783376932144e-03,1.321547105908393860e-02,9.417333453893661499e-02,7.479429244995117188e+00,4.977677345275878906e+00,4.806577414274215698e-02,8.951225318014621735e-03,3.061998868361115456e-03,8.309135213494300842e-03,3.579085171222686768e-01,6.616500020027160645e-02,6.242859177291393280e-03,2.312351949512958527e-03,2.007819246500730515e-03,1.679281890392303467e-02,1.986700110137462616e-02,9.590607369318604469e-04,1.366496901027858257e-03,5.066068470478057861e-02,4.785085842013359070e-02,5.056217312812805176e-03,5.127001204527914524e-04,8.069886825978755951e-03,6.254908163100481033e-03,6.893558311276137829e-04,3.762498497962951660e-03,8.763477206230163574e-02,1.768634095788002014e-02,7.971566170454025269e-03,6.936362981796264648e-01,4.092467725276947021e-01,1.393415778875350952e-02,8.697128295898437500e-01,4.631594121456146240e-01,4.307749215513467789e-03,1.052866969257593155e-02,2.528190845623612404e-03,2.598823048174381256e-03,7.989034056663513184e-03,5.281448829919099808e-04,4.241643939167261124e-03,1.356077380478382111e-03,9.204400703310966492e-03,5.867800675332546234e-03,7.134503539418801665e-05,3.496613862807862461e-05,7.239662954816594720e-05,1.080671936506405473e-04,1.357719156658276916e-05,1.080984839063603431e-05,9.032317393575794995e-06,7.598679076181724668e-06,6.454285085055744275e-06,5.490209332492668182e-06,4.706107574747875333e-06,4.083604835614096373e-06,3.500765842545661144e-06,3.029351319128181785e-06,2.648302370289457031e-06,2.455793492117663845e-06,2.295661033713258803e-06,1.251099774890462868e-06

Feature: mfcc
-3.924335632324218750e+02,1.027153625488281250e+02,-3.409052276611328125e+01,4.230979919433593750e+01,-4.898094177246093750e+01,7.290643453598022461e-01,-2.226710128784179688e+01,5.694486141204833984e+00,2.426846694946289062e+01,-1.669564056396484375e+01,1.486940193176269531e+01,-1.590207481384277344e+01,-2.308654785156250000e+01,-8.035608291625976562e+00,4.899455070495605469e+00,1.249807929992675781e+01,1.850654602050781250e+01,1.775132560729980469e+01,8.084081649780273438e+00,1.197296237945556641e+01,-2.677355194091796875e+01,-1.773550415039062500e+01,-1.799917221069335938e+00,-6.175512313842773438e+00,-1.109598755836486816e+00,-2.054736709594726562e+01,4.448942184448242188e+00,7.500175952911376953e+00,-3.350983142852783203e+00,-1.218985438346862793e+00,-9.148372650146484375e+00,4.635312080383300781e+00,7.426897525787353516e+00,8.521863937377929688e+00,-7.809644937515258789e-01,-6.798123359680175781e+00,8.394790291786193848e-01,6.654908657073974609e-01,-4.273148059844970703e+00,-3.559960365295410156e+00
-3.791242980957031250e+02,9.898983764648437500e+01,-3.542462158203125000e+01,5.232341766357421875e+01,-4.986206817626953125e+01,3.569376945495605469e+00,-2.579565048217773438e+01,7.287759304046630859e+00,2.794726943969726562e+01,-1.504280281066894531e+01,2.192185211181640625e+01,-1.866151046752929688e+01,-2.472261619567871094e+01,-6.844386577606201172e+00,5.240423202514648438e+00,1.663275146484375000e+01,2.312093162536621094e+01,2.278044509887695312e+01,8.411133766174316406e+00,9.960329055786132812e+00,-2.967260742187500000e+01,-2.263685607910156250e+01,-3.960667133331298828e+00,-3.568252325057983398e+00,5.801961898803710938e+00,-1.633010482788085938e+01,-1.258288621902465820e-01,4.256884574890136719e+00,-2.462106466293334961e+00,-6.913181781768798828e+00,-1.161779212951660156e+01,8.309401512145996094e+00,1.361157226562500000e+01,1.411982154846191406e+01,-5.002048492431640625e+00,-5.158070564270019531e+00,2.980601787567138672e+00,-4.111000537872314453e+00,-2.531875133514404297e+00,-5.558475971221923828e+00
-3.766704711914062500e+02,9.043594360351562500e+01,-3.171254158020019531e+01,5.482843780517578125e+01,-4.388714218139648438e+01,1.208422470092773438e+01,-3.293680953979492188e+01,1.098364067077636719e+01,2.244974517822265625e+01,-1.057917213439941406e+01,2.089773178100585938e+01,-2.033557891845703125e+01,-2.229492950439453125e+01,-1.657981300354003906e+01,-5.715438127517700195e-01,1.198517036437988281e+01,3.144279098510742188e+01,2.324958038330078125e+01,1.162790298461914062e+01,4.936767578125000000e+00,-3.769954299926757812e+01,-1.974031066894531250e+01,-1.012806892395019531e+01,2.194117307662963867e+00,7.298164367675781250e+00,-8.856358528137207031e+00,-1.281983375549316406e+00,5.596522092819213867e-01,1.068508386611938477e+00,-1.499753570556640625e+01,-7.550166606903076172e+00,6.542707443237304688e+00,1.719294548034667969e+01,1.194602394104003906e+01,-1.140373039245605469e+01,3.752962350845336914e-01,5.924380302429199219e+00,-4.168769359588623047e+00,-1.003518199920654297e+01,-5.024065971374511719e+00
-3.671898803710937500e+02,9.164671325683593750e+01,-3.406852722167968750e+01,4.504431915283203125e+01,-4.384343719482421875e+01,2.148923873901367188e+01,-3.781796264648437500e+01,1.492895793914794922e+01,2.031911849975585938e+01,-1.394548988342285156e+01,1.335496425628662109e+01,-2.532765960693359375e+01,-1.503124141693115234e+01,-1.657964515686035156e+01,9.473255872726440430e-01,7.500442028045654297e+00,2.825069427490234375e+01,2.498337173461914062e+01,1.682963562011718750e+01,7.089708328247070312e+00,-4.542031097412109375e+01,-2.208088302612304688e+01,-7.793904304504394531e+00,9.054162979125976562e+00,3.435708999633789062e+00,-1.501805591583251953e+01,6.248654127120971680e-01,2.937771081924438477e+00,5.204816341400146484e+00,-2.055681228637695312e+01,-1.585864830017089844e+01,1.085121035575866699e+00,1.885892105102539062e+01,1.709675025939941406e+01,-9.294588088989257812e+00,2.982230663299560547e+00,3.633044481277465820e+00,-1.063196945190429688e+01,-1.267258453369140625e+01,4.585682392120361328e+00
-3.673379211425781250e+02,8.414761352539062500e+01,-4.240697479248046875e+01,4.590790557861328125e+01,-4.747137069702148438e+01,1.652484893798828125e+01,-3.643959808349609375e+01,1.700770950317382812e+01,2.249206924438476562e+01,-1.680055618286132812e+01,8.386197090148925781e+00,-2.697170066833496094e+01,-1.177633857727050781e+01,-1.052969264984130859e+01,6.642363071441650391e-01,4.567320346832275391e+00,2.994820785522460938e+01,2.781890869140625000e+01,1.582634830474853516e+01,6.689818859100341797e+00,-4.244116592407226562e+01,-1.889224624633789062e+01,-4.430423736572265625e+00,1.249226760864257812e+01,1.487721920013427734e+00,-2.256865310668945312e+01,-1.213701844215393066e+00,2.229028701782226562e+00,1.936351537704467773e+00,-2.060200119018554688e+01,-1.712097740173339844e+01,-7.989344596862792969e-01,1.870579338073730469e+01,2.232249450683593750e+01,-5.323359012603759766e+00,-1.215555667877197266e+00,1.801315784454345703e+00,-1.302063846588134766e+01,-1.832271575927734375e+01,8.051082611083984375e+00
-3.545758056640625000e+02,8.640656280517578125e+01,-5.413079071044921875e+01,4.548259735107421875e+01,-4.595416641235351562e+01,1.609364700317382812e+01,-3.551564788818359375e+01,1.542515563964843750e+01,2.536017417907714844e+01,-1.912969207763671875e+01,8.452823638916015625e+00,-2.271806144714355469e+01,-1.533745670318603516e+01,-1.271195316314697266e+01,-3.177191257476806641e+00,1.751360654830932617e+00,3.114272689819335938e+01,2.716608238220214844e+01,1.725915527343750000e+01,6.744432449340820312e+00,-4.086626815795898438e+01,-1.718957519531250000e+01,-1.339360523223876953e+01,1.066728782653808594e+01,3.972930908203125000e+00,-2.619515609741210938e+01,8.764760494232177734e-01,-6.007424354553222656e+00,-1.173498153686523438e+00,-9.854533195495605469e+00,-2.103034210205078125e+01,-4.501883506774902344e+00,1.836604309082031250e+01,1.711101531982421875e+01,-2.750576257705688477e+00,5.563687801361083984e+00,5.629430294036865234e+00,-1.037056159973144531e+01,-2.896679878234863281e+01,-8.025611877441406250e+00
-3.393530273437500000e+02,8.624324035644531250e+01,-6.065538406372070312e+01,4.644163513183593750e+01,-4.767001342773437500e+01,2.104341888427734375e+01,-3.858011627197265625e+01,6.899607658386230469e+00,2.490217208862304688e+01,-1.520706844329833984e+01,1.082543563842773438e+01,-1.638077926635742188e+01,-1.544988059997558594e+01,-2.119137573242187500e+01,-4.193176269531250000e+00,-1.671617031097412109e+00,3.039841270446777344e+01,2.923699569702148438e+01,1.958946990966796875e+01,1.137377548217773438e+01,-4.307787322998046875e+01,-2.069272804260253906e+01,-1.745022201538085938e+01,1.439129066467285156e+01,9.613306045532226562e+00,-2.666506576538085938e+01,2.056473731994628906e+00,-7.844541549682617188e+00,1.367890834808349609e-01,-1.064764595031738281e+01,-2.663554000854492188e+01,-8.178050994873046875e+00,1.723965454101562500e+01,2.309942245483398438e+01,1.028213262557983398e+00,1.000943183898925781e+01,1.585006523132324219e+01,-8.873012542724609375e+00,-3.397290039062500000e+01,-6.427487373352050781e+00
-3.362214050292968750e+02,8.422265625000000000e+01,-6.350745391845703125e+01,5.108564376831054688e+01,-5.256838989257812500e+01,1.429565811157226562e+01,-3.970020294189453125e+01,6.335713386535644531e+00,3.287897872924804688e+01,-9.114953994750976562e+00,1.103160381317138672e+01,-1.683454132080078125e+01,-1.076004028320312500e+01,-1.846765899658203125e+01,-3.177236557006835938e+00,-1.364404082298278809e+00,2.515811538696289062e+01,3.192531776428222656e+01,2.017377471923828125e+01,1.098704338073730469e+01,-4.348607635498046875e+01,-2.089220809936523438e+01,-1.114713096618652344e+01,1.490843772888183594e+01,1.396007919311523438e+01,-2.229204177856445312e+01,-1.948908805847167969e+00,-6.879024028778076172e+00,9.166116714477539062e+00,-1.053237438201904297e+01,-3.278160095214843750e+01,-1.079670143127441406e+01,1.335435676574707031e+01,2.615919876098632812e+01,1.399981498718261719e+00,9.074124336242675781e+00,1.680765533447265625e+01,-8.944272994995117188e+00,-3.158416557312011719e+01,-9.086559295654296875e+00
-3.316163635253906250e+02,8.045056152343750000e+01,-6.980577087402343750e+01,5.581571960449218750e+01,-5.333358001708984375e+01,1.355582618713378906e+01,-3.815579223632812500e+01,6.452482700347900391e+00,3.897719955444335938e+01,-9.400428771972656250e+00,1.369277095794677734e+01,-9.972768783569335938e+00,-6.060439109802246094e+00,-1.152352142333984375e+01,-3.904334068298339844e+00,-4.545163154602050781e+00,2.534782028198242188e+01,3.284574127197265625e+01,2.419271469116210938e+01,1.452402400970458984e+01,-4.679810714721679688e+01,-1.919984817504882812e+01,-5.747617721557617188e+00,1.500654029846191406e+01,1.908080673217773438e+01,-2.188978576660156250e+01,-1.055369186401367188e+01,-1.252452754974365234e+01,1.082531738281250000e+01,-4.316631793975830078e+00,-2.723427391052246094e+01,-7.905609130859375000e+00,1.401562976837158203e+01,2.997731781005859375e+01,6.561048507690429688e+00,1.017346954345703125e+01,1.569324493408203125e+01,-3.844410657882690430e+00,-3.019535827636718750e+01,-1.535168933868408203e+01
-3.249902038574218750e+02,8.145989990234375000e+01,-7.305438232421875000e+01,5.699572753906250000e+01,-4.857182312011718750e+01,1.788484001159667969e+01,-3.902412796020507812e+01,6.406999588012695312e+00,3.537230682373046875e+01,-1.499546241760253906e+01,1.577280998229980469e+01,-6.586528301239013672e+00,-9.061032295227050781e+00,-1.538979530334472656e+01,5.067017674446105957e-01,2.490563631057739258e+00,2.662819099426269531e+01,3.079647636413574219e+01,2.772426223754882812e+01,1.850941848754882812e+01,-4.882603836059570312e+01,-1.639963912963867188e+01,-7.380064487457275391e+00,9.162414550781250000e+00,2.257872772216796875e+01,-2.051579475402832031e+01,-9.389840126037597656e+00,-1.021768188476562500e+01,1.000265312194824219e+01,-3.320426940917968750e-01,-2.320330619812011719e+01,-7.328083038330078125e+00,1.205888843536376953e+01,3.002249145507812500e+01,7.727410316467285156e+00,3.032217741012573242e+00,1.250216865539550781e+01,-1.004202842712402344e+00,-3.048710823059082031e+01,-1.617310333251953125e+01
-3.182805786132812500e+02,7.964207458496093750e+01,-6.915841674804687500e+01,6.164686584472656250e+01,-5.728701782226562500e+01,2.178874015808105469e+01,-3.371236419677734375e+01,4.780577182769775391e+00,3.228022384643554688e+01,-1.883248519897460938e+01,1.324088573455810547e+01,-1.112799358367919922e+01,-1.361950492858886719e+01,-1.759518432617187500e+01,9.561281204223632812e-01,7.990609407424926758e-01,1.858046340942382812e+01,2.588684463500976562e+01,2.982136917114257812e+01,2.034248352050781250e+01,-4.323588562011718750e+01,-1.423785686492919922e+01,-1.248970127105712891e+01,8.170520782470703125e+00,2.101200866699218750e+01,-1.758464431762695312e+01,-3.466944217681884766e+00,-7.132433414459228516e+00,1.513276672363281250e+01,-2.574303388595581055e+00,-2.991791534423828125e+01,-1.165512943267822266e+01,9.109305381774902344e+00,3.094294738769531250e+01,8.106577873229980469e+00,-5.733012557029724121e-01,1.332659816741943359e+01,6.851109981536865234e+00,-2.696178817749023438e+01,-1.786811065673828125e+01
-3.031609802246093750e+02,8.160719299316406250e+01,-6.947200775146484375e+01,5.984508132934570312e+01,-7.044232177734375000e+01,2.167985534667968750e+01,-2.907485580444335938e+01,7.995705604553222656e+00,2.652925872802734375e+01,-2.393735313415527344e+01,1.496277046203613281e+01,-9.127120018005371094e+00,-9.303679466247558594e+00,-1.759464836120605469e+01,-7.121037006378173828e+00,-4.671867370605468750e+00,2.289854431152343750e+01,2.604018783569335938e+01,2.785391616821289062e+01,2.566982650756835938e+01,-3.313893508911132812e+01,-1.185881996154785156e+01,-1.787237739562988281e+01,9.724952697753906250e+00,2.151546096801757812e+01,-1.757197570800781250e+01,-6.082404136657714844e+00,-1.524455070495605469e+01,1.588568305969238281e+01,2.426793098449707031e+00,-2.999382781982421875e+01,-1.546627330780029297e+01,7.097494602203369141e+00,3.292518234252929688e+01,9.393417358398437500e+00,5.856471061706542969e-01,1.681200599670410156e+01,1.418519783020019531e+01,-2.106574440002441406e+01,-2.709890365600585938e+01
-2.866180725097656250e+02,8.338775634765625000e+01,-7.354608154296875000e+01,5.895644760131835938e+01,-6.587532043457031250e+01,2.515496444702148438e+01,-3.772230529785156250e+01,9.098123550415039062e+00,2.333771705627441406e+01,-2.527821540832519531e+01,1.392139339447021484e+01,-9.812242507934570312e+00,-7.484898567199707031e+00,-2.281349563598632812e+01,-1.245346260070800781e+01,-6.395981311798095703e+00,1.929741668701171875e+01,2.626166534423828125e+01,2.988187789916992188e+01,2.822517013549804688e+01,-2.528479766845703125e+01,-2.029454421997070312e+01,-2.119180679321289062e+01,1.044233894348144531e+01,2.394156265258789062e+01,-1.204741287231445312e+01,-1.327739906311035156e+01,-1.630709648132324219e+01,1.101683807373046875e+01,1.333841085433959961e+00,-2.835532760620117188e+01,-1.544261169433593750e+01,3.258009910583496094e+00,3.327031326293945312e+01,1.573669052124023438e+01,-3.185136318206787109e+00,1.694902420043945312e+01,1.117547607421875000e+01,-2.020417213439941406e+01,-3.307823181152343750e+01
-2.796766052246093750e+02,8.103350830078125000e+01,-7.816806030273437500e+01,5.719878387451171875e+01,-5.538544464111328125e+01,2.836658096313476562e+01,-4.536027526855468750e+01,9.624629974365234375e+00,2.190613937377929688e+01,-1.996735572814941406e+01,1.187258911132812500e+01,-8.625124931335449219e+00,-9.852034568786621094e+00,-1.821176147460937500e+01,-9.815508842468261719e+00,-1.205334377288818359e+01,1.968612670898437500e+01,1.955152511596679688e+01,3.374226379394531250e+01,2.550895690917968750e+01,-2.430270576477050781e+01,-2.224289131164550781e+01,-2.321636390686035156e+01,1.116987419128417969e+01,2.174209213256835938e+01,-3.525634765625000000e+00,-1.598721122741699219e+01,-1.519588851928710938e+01,5.790871620178222656e+00,4.252402305603027344e+00,-2.501670837402343750e+01,-2.359082794189453125e+01,7.184565067291259766e-02,2.738683319091796875e+01,1.895753097534179688e+01,-5.326241016387939453e+00,2.121845817565917969e+01,1.467366313934326172e+01,-1.984840393066406250e+01,-3.055924606323242188e+01
-2.791062622070312500e+02,8.777949523925781250e+01,-7.381483459472656250e+01,5.993566894531250000e+01,-5.768170166015625000e+01,2.198739242553710938e+01,-4.099444580078125000e+01,1.185872745513916016e+01,2.961536026000976562e+01,-1.543422508239746094e+01,1.252318000793457031e+01,-1.077469229698181152e+00,-8.352005958557128906e+00,-1.400977802276611328e+01,-9.181663513183593750e+00,-1.163154697418212891e+01,1.979141998291015625e+01,1.611102294921875000e+01,3.374423217773437500e+01,1.800551033020019531e+01,-2.706113815307617188e+01,-1.857483291625976562e+01,-2.170742416381835938e+01,8.640676498413085938e+00,2.212488174438476562e+01,8.862396478652954102e-01,-1.483112144470214844e+01,-9.786117553710937500e+00,7.794574260711669922e+00,1.059366607666015625e+01,-1.744495773315429688e+01,-2.574704742431640625e+01,3.290956258773803711e+00,3.111866188049316406e+01,2.131889343261718750e+01,-1.375145912170410156e+00,2.340960311889648438e+01,1.933923721313476562e+01,-1.532428741455078125e+01,-3.013297843933105469e+01
-2.381165618896484375e+02,9.381225585937500000e+01,-7.146685028076171875e+01,4.350966644287109375e+01,-5.827046203613281250e+01,6.955463886260986328e+00,-4.170271301269531250e+01,1.226201248168945312e+01,2.627949523925781250e+01,-1.666848754882812500e+01,3.415386199951171875e+00,-7.707073688507080078e-01,-9.530209541320800781e+00,-5.165490150451660156e+00,-6.950293540954589844e+00,-5.103723526000976562e+00,1.208329772949218750e+01,1.605404663085937500e+01,3.489468383789062500e+01,2.413845443725585938e+01,-1.952812385559082031e+01,-7.152452468872070312e+00,-1.505501461029052734e+01,2.571228027343750000e+00,1.768858718872070312e+01,-3.828471899032592773e+00,-5.852172851562500000e+00,-1.039922142028808594e+01,3.838557958602905273e+00,1.271557903289794922e+01,-8.766042709350585938e+00,-2.142786788940429688e+01,-8.023046493530273438e+00,2.493836784362792969e+01,1.150920867919921875e+01,-1.096464991569519043e+00,1.774608993530273438e+01,1.490144920349121094e+01,-1.072406005859375000e+01,-2.134993362426757812e+01

Feature: rms
1.039817649871110916e-02
1.479540579020977020e-02
1.995925046503543854e-02
2.138885669410228729e-02
2.461997419595718384e-02
3.811040148138999939e-02
4.220831394195556641e-02
4.678830131888389587e-02
4.813121259212493896e-02
4.574534669518470764e-02
4.787334054708480835e-02
5.052173882722854614e-02
5.685386061668395996e-02
6.275626271963119507e-02
6.755130738019943237e-02
6.167011335492134094e-02

Feature: spectral_centroid
2.243178093457534487e+03
2.192832712196656303e+03
2.225568255162823334e+03
2.135017886525333779e+03
2.272479127962054008e+03
2.293182910980027373e+03
2.114865474070847540e+03
2.026581503165364666e+03
2.329516446146492399e+03
2.474648557361394523e+03
2.612489930580410601e+03
2.699037063274002321e+03
2.533907523678419693e+03
2.501656770575257269e+03
2.405671011226791052e+03
2.392292162979429577e+03

Feature: spectral_bandwidth
1.949984516242021755e+03
1.911702161310148540e+03
1.926978251295701511e+03
1.935556524716276499e+03
1.924981515086265063e+03
1.867105373454759729e+03
1.755062458705044946e+03
1.682363995592624860e+03
1.736861459067550186e+03
1.741382287115646932e+03
1.807371291793417413e+03
1.856016828327526355e+03
1.834403003195092424e+03
1.724906636060359006e+03
1.717719831342442831e+03
1.756187502394781632e+03

Feature: spectral_contrast
1.158710370211217366e+01,9.829631923433449714e+00,2.373392770735611279e+01,2.224132250374419684e+01,1.785796546404392160e+01,1.898081133599384529e+01,2.517219784622277956e+01
1.241493927986751800e+01,1.513230624365136379e+01,1.778827539163673066e+01,3.051710452284984143e+01,2.004546414417083966e+01,2.288808094345883148e+01,3.014420209339067469e+01
1.136201799102681598e+01,1.080532573634833682e+01,2.592446399042290039e+01,3.235393760588448941e+01,2.230866292359623415e+01,2.591685436341369453e+01,6.260958533152890482e+01
1.697860619377918923e+01,5.908873749335985082e+00,1.938927705545534508e+01,3.167553901363544355e+01,2.535276820357690397e+01,2.638086161167539956e+01,6.653871833734103802e+01
1.312966079338802494e+01,1.141481228613493393e+01,2.091454009607231512e+01,3.472733046722652261e+01,2.556548502971427084e+01,2.640704158320380301e+01,6.645208252595820397e+01
1.599579742240700497e+01,1.161248109612714785e+01,2.695859849106725648e+01,4.007032078170101386e+01,2.533178971859327788e+01,2.577179952484765835e+01,6.512853567015737610e+01
2.247668901283121556e+01,1.622848049895666378e+01,2.907170724791270544e+01,3.452746643991935116e+01,2.845726158581799936e+01,3.036164825997047245e+01,6.522383689042882793e+01
2.102041350286786070e+01,2.019351407511908292e+01,3.107717982296657766e+01,3.618045202658230863e+01,2.729471350671835950e+01,2.825771724750866554e+01,6.417720998675882527e+01
9.422440773285279292e+00,1.996068430396609372e+01,3.505169934765402218e+01,3.597482820100514544e+01,3.518681419726284076e+01,3.114554339020003937e+01,6.315329821154737999e+01
1.524039149025229989e+01,1.729738403158432547e+01,3.004015053698948634e+01,3.239390065164780452e+01,3.384701618185982852e+01,3.429352262682071029e+01,6.488418835956767339e+01
1.321873942215358610e+01,2.392003456428259511e+01,2.904481683019353255e+01,3.516987501357956347e+01,3.108674065489301697e+01,3.646301569814656318e+01,6.535326283883577503e+01
1.387647360974807675e+01,2.187776615728005325e+01,2.890696319718759355e+01,3.098820004228071667e+01,3.225328833409505336e+01,3.136299428485758511e+01,6.658049004272896809e+01
1.635163838607553899e+01,2.093417723970561539e+01,2.776543784202602794e+01,2.682273076658065136e+01,3.030519146075724635e+01,2.734499769290168913e+01,6.747977777126736498e+01
2.948748044401263257e+01,3.043908658413960922e+01,2.855059156518912644e+01,2.326253243717171415e+01,3.239956538207508885e+01,3.062745134385917822e+01,6.660027486315020440e+01
8.610251163308412004e+00,2.484512844601665549e+01,3.131862470239803287e+01,2.935158610961337189e+01,2.935430402568133346e+01,3.350671832125338057e+01,4.196866271580057628e+01
1.238428550417762608e+01,1.955536415768139591e+01,2.627351332980039444e+01,2.139057223558538112e+01,2.609111936110754471e+01,2.677989930775143179e+01,2.212840422596986301e+01

Feature: spectral_flatness
3.855036571621894836e-03
6.362653803080320358e-04
1.122594767366535962e-04
8.579351560911163688e-05
9.597212920198217034e-05
9.589829278411343694e-05
3.126975934719666839e-05
2.326521098439116031e-05
3.967977681895717978e-05
3.996416489826515317e-05
3.537752490956336260e-05
4.298265776014886796e-05
5.947575118625536561e-05
6.055456833564676344e-05
4.468683255254290998e-05
9.847258916124701500e-04

Feature: spectral_rolloff
4.780371093750000000e+03
4.801904296875000000e+03
4.855737304687500000e+03
4.909570312500000000e+03
4.909570312500000000e+03
4.834204101562500000e+03
4.748071289062500000e+03
4.500439453125000000e+03
4.726538085937500000e+03
4.726538085937500000e+03
4.726538085937500000e+03
4.909570312500000000e+03
5.006469726562500000e+03
4.726538085937500000e+03
4.683471679687500000e+03
4.672705078125000000e+03

Feature: poly_features
-2.231056321221780125e-05,1.922459775508832958e-01
-2.988953156811199134e-05,2.561453590188085827e-01
-3.191488826696735185e-05,2.744738707380305343e-01
-4.010977536298110076e-05,3.416310763472130696e-01
-3.879699372035957884e-05,3.353956638227898468e-01
-4.711745414972503854e-05,4.082742807232092042e-01
-7.495932903087479653e-05,6.371227312246228180e-01
-8.287254513954579770e-05,6.981123935874018471e-01
-7.663976642509939320e-05,6.668440354260897207e-01
-7.794060687874819883e-05,6.900353795003595359e-01
-7.997467734015709724e-05,7.207432965465478958e-01
-9.297412966127907672e-05,8.479053856182552362e-01
-1.191750857206052525e-04,1.063019698973540317e+00
-1.249436687764433765e-04,1.109914251776967564e+00
-1.284387991324770217e-04,1.127586768957043573e+00
-1.514315301429690417e-04,1.327322909598130263e+00

Feature: tonnetz
-2.826687784770900991e-02,2.555968943974228080e-02,7.611856609582812183e-02,1.598959751427167508e-01,-2.559692002026671409e-02,-4.950400814414018108e-02
-1.048577212349424276e-01,6.177145236647311327e-02,1.928362827748049124e-01,2.698251251131291162e-01,-2.727695031377534371e-02,-1.065903799608348690e-01
-1.341987499304952147e-01,7.687584135223134163e-02,2.636489421129215582e-01,2.723354939371343542e-01,-1.940336807791731219e-02,-1.318988022394476933e-01
-1.964909237167582756e-01,1.619377981771496361e-02,2.475956268608556776e-01,3.698018286377188213e-01,-6.551817624523406658e-02,-1.382831288501620015e-01
-2.883832520509833075e-01,-9.256414625910844296e-02,1.953292172402128213e-01,4.199707917869087703e-01,-1.428702000498801861e-01,-1.331010661087931590e-01
-1.505391300443613134e-01,6.851449464504097420e-02,2.739265728741872019e-01,2.958284914493556905e-01,-4.576774851575977215e-02,-1.352379736490547102e-01
9.762068222081596303e-02,3.082986944882126767e-01,5.033683488145463958e-01,1.592448400333520142e-01,6.449038761720790602e-02,-1.750954622402783323e-01
8.660868232757390484e-02,3.065570836644131436e-01,5.159471891820421874e-01,1.922948248684402672e-01,7.720610134488821441e-02,-1.849931920878584990e-01
8.270671816532994269e-02,1.611068711288847766e-01,4.131422284990540761e-01,1.295883329585191535e-01,-4.265174119002086706e-02,-1.783006226178256992e-01
1.443548153600938966e-01,2.152495379319267210e-01,4.025856815278522904e-01,5.323783773928852242e-02,-3.611672664296109586e-02,-1.743604531511662448e-01
2.533582617448407182e-01,3.804916522539791846e-01,5.094032604247327178e-01,-6.247260607779433692e-03,8.177248542558464284e-02,-1.754420639481390765e-01
3.162585730717409338e-01,4.394773572644747883e-01,5.292063662782308109e-01,-4.674618598073766729e-02,1.138981777068581724e-01,-1.831185969058418961e-01
3.133525264782142661e-01,3.885276684362070632e-01,5.896077230572697170e-01,-7.330007199198046441e-02,1.389064544673545565e-01,-1.668691770173603428e-01
3.067301492685706177e-01,2.071063490789912254e-01,4.826567908748981561e-01,-1.972230933606627934e-01,7.198264033740242596e-02,-1.208689471241082558e-01
3.290650719360702081e-01,3.788804954644059975e-01,5.671171387657519825e-01,-1.650393335148695739e-01,1.775185711539310485e-01,-1.291360114701085582e-01
3.400144505157632890e-01,3.659294609690705302e-01,4.981134049594399538e-01,-1.909916382282976222e-01,1.438496530023633535e-01,-1.202627895399922264e-01

Feature: zero_crossing_rate
5.078125000000000000e-02
6.933593750000000000e-02
8.789062500000000000e-02
8.789062500000000000e-02
9.033203125000000000e-02
8.984375000000000000e-02
9.619140625000000000e-02
1.054687500000000000e-01
1.513671875000000000e-01
1.704101562500000000e-01
1.850585937500000000e-01
1.791992187500000000e-01
1.591796875000000000e-01
1.538085937500000000e-01
1.445312500000000000e-01
1.074218750000000000e-01

