Feature: chroma_stft
8.649023622274398804e-02,2.008012309670448303e-02,1.815607585012912750e-02,1.798586919903755188e-02,3.862260654568672180e-02,9.590191394090652466e-02,1.213784962892532349e-01,6.035625189542770386e-02,8.912895619869232178e-02,4.177873730659484863e-01,1.000000000000000000e+00,5.411512255668640137e-01
6.321264505386352539e-01,2.222090363502502441e-01,1.183224171400070190e-01,2.932024560868740082e-02,1.341802161186933517e-02,4.259249940514564514e-02,1.278029531240463257e-01,8.688433468341827393e-02,4.436251521110534668e-02,1.196104511618614197e-01,5.634641647338867188e-01,1.000000000000000000e+00
4.642897546291351318e-01,4.836274981498718262e-01,1.000000000000000000e+00,7.934084534645080566e-01,1.420558840036392212e-01,1.202007848769426346e-02,5.625366419553756714e-02,6.555930525064468384e-02,2.906165644526481628e-02,3.777528926730155945e-02,1.388862878084182739e-01,2.926469743251800537e-01
2.137173898518085480e-02,6.835576146841049194e-02,3.864419162273406982e-01,1.000000000000000000e+00,2.409303039312362671e-01,3.843350335955619812e-03,3.425360191613435745e-03,4.256721120327711105e-03,2.649449743330478668e-03,2.478641271591186523e-02,1.438342034816741943e-01,3.372969850897789001e-02
3.509575966745615005e-03,4.681213572621345520e-02,4.762519896030426025e-01,1.000000000000000000e+00,2.014494389295578003e-01,2.346433000639081001e-03,1.166443573310971260e-03,1.717658597044646740e-03,3.027959493920207024e-03,8.347761631011962891e-02,2.003019154071807861e-01,2.619970403611660004e-02
4.674684721976518631e-03,2.498176097869873047e-01,1.000000000000000000e+00,2.990191578865051270e-01,2.172311581671237946e-02,6.873268866911530495e-04,4.740156000480055809e-04,8.669831440784037113e-04,1.355244312435388565e-02,9.982971847057342529e-02,6.474690884351730347e-02,3.562422236427664757e-03
1.212246436625719070e-02,5.166357755661010742e-01,1.000000000000000000e+00,1.167066395282745361e-01,3.149780910462141037e-03,4.705700848717242479e-04,3.858595446217805147e-04,8.832230232656002045e-04,3.208782523870468140e-02,6.556058675050735474e-02,1.052852161228656769e-02,1.175652956590056419e-03
5.929979030042886734e-03,3.228897154331207275e-01,1.000000000000000000e+00,1.373555958271026611e-01,1.749271643348038197e-03,9.617197792977094650e-05,1.156569414888508618e-04,3.497920406516641378e-04,1.747240871191024780e-02,5.094058066606521606e-02,8.671487681567668915e-03,9.724937262944877148e-04
8.464514277875423431e-03,3.582504391670227051e-01,1.000000000000000000e+00,1.250077337026596069e-01,9.497288265265524387e-04,6.191211286932229996e-05,6.820839917054399848e-05,1.877500908449292183e-04,7.773751392960548401e-03,2.851875871419906616e-02,4.300341475754976273e-03,4.523204697761684656e-04
9.641220420598983765e-02,8.571463823318481445e-01,1.000000000000000000e+00,7.403001189231872559e-02,6.296886131167411804e-04,1.019209012156352401e-04,9.949896048055961728e-05,1.468110946007072926e-03,2.040668018162250519e-02,2.389825135469436646e-02,2.263029338791966438e-03,2.682327991351485252e-03
2.664957642555236816e-01,1.000000000000000000e+00,5.291986465454101562e-01,3.125614300370216370e-02,3.114675928372889757e-04,2.092246722895652056e-04,1.461827196180820465e-04,3.829335793852806091e-03,2.028018981218338013e-02,8.103731088340282440e-03,7.718900451436638832e-04,8.886332623660564423e-03
1.275057941675186157e-01,1.000000000000000000e+00,3.670795261859893799e-01,1.702116802334785461e-02,3.474018012639135122e-04,1.646890013944357634e-04,8.273215644294396043e-05,2.294837031513452530e-03,1.688567921519279480e-02,4.249042365700006485e-03,1.778995792847126722e-04,2.444748301059007645e-03
7.808297127485275269e-02,1.000000000000000000e+00,5.432498455047607422e-01,2.337721362709999084e-02,2.836523635778576136e-04,1.349260710412636399e-04,8.219536539399996400e-05,1.455161022022366524e-03,2.377226762473583221e-02,1.395295839756727219e-02,2.929177135229110718e-04,4.426834348123520613e-04
6.735812872648239136e-02,1.000000000000000000e+00,8.130853176116943359e-01,3.132575005292892456e-02,1.286471233470365405e-04,7.935259054647758603e-05,6.017066334607079625e-05,1.171968877315521240e-03,2.669796720147132874e-02,2.052833326160907745e-02,4.204496217425912619e-04,1.451076590456068516e-03
5.126609206199645996e-01,1.000000000000000000e+00,4.988016784191131592e-01,2.341184392571449280e-02,1.119224325520917773e-04,1.079101275536231697e-04,3.023990720976144075e-04,5.915746092796325684e-03,2.447757311165332794e-02,1.265860721468925476e-02,8.005186682567000389e-04,4.148485139012336731e-02
1.000000000000000000e+00,5.320528745651245117e-01,8.497063070535659790e-02,5.429709795862436295e-03,1.290138025069609284e-04,1.258979609701782465e-04,5.850563757121562958e-04,7.523402571678161621e-03,6.384160369634628296e-03,1.058202469721436501e-03,1.352351973764598370e-03,9.224817901849746704e-02
1.000000000000000000e+00,5.224018096923828125e-01,5.163557454943656921e-02,2.418002346530556679e-03,7.756095728836953640e-04,9.571293485350906849e-04,2.446289174258708954e-03,1.083349343389272690e-02,5.851777736097574234e-03,4.565902054309844971e-03,1.389896776527166367e-02,1.561343669891357422e-01

Feature: chroma_cqt
2.663227319717407227e-01,2.173466086387634277e-01,2.198004573583602905e-01,2.336485534906387329e-01,3.133724033832550049e-01,3.591659069061279297e-01,3.902737498283386230e-01,2.715450823307037354e-01,3.957082629203796387e-01,7.611739635467529297e-01,1.000000000000000000e+00,6.051425933837890625e-01
5.531985163688659668e-01,3.715727627277374268e-01,2.615409791469573975e-01,1.602521091699600220e-01,1.563808917999267578e-01,2.239675819873809814e-01,3.943155705928802490e-01,2.357933968305587769e-01,2.500480413436889648e-01,3.252289295196533203e-01,8.805124759674072266e-01,1.000000000000000000e+00
6.841946840286254883e-01,7.855288386344909668e-01,1.000000000000000000e+00,5.860233902931213379e-01,1.854176968336105347e-01,1.494262367486953735e-01,2.879572808742523193e-01,3.057245314121246338e-01,2.595024108886718750e-01,2.088735550642013550e-01,3.811900615692138672e-01,6.516935825347900391e-01
1.627119034528732300e-01,2.466396093368530273e-01,6.042625308036804199e-01,1.000000000000000000e+00,9.623643755912780762e-02,5.365356802940368652e-02,8.083714544773101807e-02,6.244211271405220032e-02,6.602478027343750000e-02,1.163640469312667847e-01,2.897627651691436768e-01,1.442382186651229858e-01
8.760993182659149170e-02,2.298412770032882690e-01,8.162328600883483887e-01,1.000000000000000000e+00,7.175900042057037354e-02,4.885475337505340576e-02,7.461453229188919067e-02,6.240177154541015625e-02,4.942363873124122620e-02,2.025844305753707886e-01,2.811675667762756348e-01,7.775940746068954468e-02
4.286694526672363281e-02,4.554803669452667236e-01,1.000000000000000000e+00,2.135368287563323975e-01,4.541605338454246521e-02,4.403506964445114136e-02,3.867186233401298523e-02,4.093371704220771790e-02,6.574304401874542236e-02,2.361370176076889038e-01,7.135374099016189575e-02,4.477693140506744385e-02
7.962512224912643433e-02,1.000000000000000000e+00,7.907217144966125488e-01,1.125081554055213928e-01,5.098813399672508240e-02,5.397598072886466980e-02,3.998807445168495178e-02,3.952489048242568970e-02,1.583212614059448242e-01,9.942505508661270142e-02,6.718790531158447266e-02,5.348164215683937073e-02
7.414703816175460815e-02,5.827293992042541504e-01,1.000000000000000000e+00,6.584285199642181396e-02,2.343030460178852081e-02,2.992498688399791718e-02,2.513783238828182220e-02,2.402097545564174652e-02,8.618759363889694214e-02,1.794878989458084106e-01,3.802991658449172974e-02,4.730485752224922180e-02
6.937293708324432373e-02,7.548754215240478516e-01,1.000000000000000000e+00,4.235786944627761841e-02,2.495517954230308533e-02,2.889950945973396301e-02,1.989660784602165222e-02,2.206269092857837677e-02,6.199027970433235168e-02,1.172455027699470520e-01,2.705435454845428467e-02,3.766568750143051147e-02
2.624637484550476074e-01,1.000000000000000000e+00,4.879117310047149658e-01,4.121872037649154663e-02,2.039390616118907928e-02,2.601701766252517700e-02,1.843728311359882355e-02,2.187165059149265289e-02,1.220407485961914062e-01,4.512681812047958374e-02,2.467286586761474609e-02,4.426190257072448730e-02
5.036430954933166504e-01,1.000000000000000000e+00,3.624650835990905762e-01,3.805671632289886475e-02,2.607003226876258850e-02,3.271257504820823669e-02,2.362534590065479279e-02,4.573244601488113403e-02,5.575120076537132263e-02,2.654478885233402252e-02,2.755648456513881683e-02,7.602053880691528320e-02
2.099617570638656616e-01,1.000000000000000000e+00,2.027526348829269409e-01,3.450910374522209167e-02,2.056039869785308838e-02,2.723855711519718170e-02,1.533870864659547806e-02,1.914529502391815186e-02,8.142581582069396973e-02,2.102255262434482574e-02,1.812075264751911163e-02,4.809662327170372009e-02
1.289043277502059937e-01,1.000000000000000000e+00,2.798658907413482666e-01,3.703910857439041138e-02,2.304320223629474640e-02,2.727642841637134552e-02,1.917990855872631073e-02,2.533378079533576965e-02,9.024833887815475464e-02,1.728433184325695038e-02,1.853454858064651489e-02,2.291730977594852448e-02
1.712181419134140015e-01,1.000000000000000000e+00,2.667464911937713623e-01,2.063403651118278503e-02,1.579456590116024017e-02,1.888879202306270599e-02,1.396578364074230194e-02,1.459948718547821045e-02,1.007738560438156128e-01,2.470967546105384827e-02,1.429241895675659180e-02,4.372627660632133484e-02
8.632921576499938965e-01,1.000000000000000000e+00,3.024073839187622070e-01,2.989839203655719757e-02,2.841198630630970001e-02,2.567263133823871613e-02,2.797925285995006561e-02,6.689924001693725586e-02,9.467089921236038208e-02,2.507852762937545776e-02,2.691832371056079865e-02,1.544571220874786377e-01
1.000000000000000000e+00,2.573415040969848633e-01,1.422595381736755371e-01,3.132252395153045654e-02,3.136811777949333191e-02,2.686003223061561584e-02,3.668723255395889282e-02,5.550056323409080505e-02,3.915345668792724609e-02,3.592570126056671143e-02,4.507426917552947998e-02,1.472417563199996948e-01
1.000000000000000000e+00,3.241167664527893066e-01,1.009993851184844971e-01,4.935736209154129028e-02,5.139169842004776001e-02,4.870099946856498718e-02,7.008481770753860474e-02,9.562052786350250244e-02,7.153414189815521240e-02,8.118224143981933594e-02,1.173838227987289429e-01,2.842768132686614990e-01

Feature: chroma_cens
3.105881512165069580e-01,5.848412513732910156e-01,6.377087235450744629e-01,2.054999619722366333e-01,2.442673966288566589e-02,2.442673966288566589e-02,7.260119915008544922e-02,4.831087216734886169e-02,1.007234081625938416e-01,1.727765947580337524e-01,1.701003611087799072e-01,1.867185384035110474e-01
3.186728656291961670e-01,5.975075364112854004e-01,6.338698863983154297e-01,1.952210217714309692e-01,2.234788797795772552e-02,2.234788797795772552e-02,6.716916710138320923e-02,4.469577595591545105e-02,9.877025336027145386e-02,1.646692603826522827e-01,1.595559716224670410e-01,1.780229955911636353e-01
3.268356919288635254e-01,6.088982224464416504e-01,6.293851137161254883e-01,1.854210048913955688e-01,2.044663205742835999e-02,2.044663205742835999e-02,6.215214356780052185e-02,4.135777801275253296e-02,9.692987054586410522e-02,1.569802612066268921e-01,1.498619318008422852e-01,1.703189313411712646e-01
3.350217342376708984e-01,6.192041039466857910e-01,6.243907213211059570e-01,1.760461479425430298e-01,1.869627647101879120e-02,1.869627647101879120e-02,5.748999863862991333e-02,3.825668618083000183e-02,9.518685936927795410e-02,1.496589928865432739e-01,1.408922225236892700e-01,1.634439826011657715e-01
3.432123363018035889e-01,6.285873055458068848e-01,6.189745664596557617e-01,1.670374125242233276e-01,1.707389391958713531e-02,1.707389391958713531e-02,5.312952026724815369e-02,3.535695746541023254e-02,9.352666139602661133e-02,1.426532268524169922e-01,1.325372159481048584e-01,1.572676599025726318e-01
3.514123857021331787e-01,6.371834874153137207e-01,6.131892204284667969e-01,1.583348363637924194e-01,1.555997598916292191e-02,1.555997598916292191e-02,4.902421310544013977e-02,3.262757137417793274e-02,9.193579852581024170e-02,1.359119564294815063e-01,1.247025504708290100e-01,1.516854614019393921e-01
3.596425056457519531e-01,6.451053023338317871e-01,6.070609092712402344e-01,1.498797982931137085e-01,1.413800753653049469e-02,1.413800753653049469e-02,4.513375461101531982e-02,3.004163503646850586e-02,9.040196239948272705e-02,1.293866187334060669e-01,1.173073947429656982e-01,1.466141492128372192e-01
3.679346144199371338e-01,6.524457931518554688e-01,6.005951166152954102e-01,1.416158229112625122e-01,1.279406715184450150e-02,1.279406715184450150e-02,4.142327979207038879e-02,2.757592126727104187e-02,8.891394734382629395e-02,1.230314597487449646e-01,1.102828159928321838e-01,1.419881880283355713e-01
3.763293623924255371e-01,6.592803001403808594e-01,5.937808156013488770e-01,1.334888488054275513e-01,1.151648350059986115e-02,1.151648350059986115e-02,3.786273673176765442e-02,2.521042153239250183e-02,8.746153861284255981e-02,1.168035566806793213e-01,1.035702005028724670e-01,1.377570182085037231e-01
3.848748505115509033e-01,6.656693816184997559e-01,5.865921974182128906e-01,1.254470795392990112e-01,1.029558759182691574e-02,1.029558759182691574e-02,3.442635759711265564e-02,2.292799577116966248e-02,8.603543788194656372e-02,1.106625422835350037e-01,9.712018817663192749e-02,1.338833570480346680e-01
3.936264812946319580e-01,6.716597080230712891e-01,5.789902210235595703e-01,1.174406707286834717e-01,9.123548865318298340e-03,9.123548865318298340e-03,3.109230659902095795e-02,2.071413770318031311e-02,8.462719619274139404e-02,1.045703813433647156e-01,9.089186042547225952e-02,1.303422451019287109e-01
4.026474654674530029e-01,6.772848367691040039e-01,5.709224939346313477e-01,1.094215586781501770e-01,7.994318380951881409e-03,7.994318380951881409e-03,2.784253284335136414e-02,1.855687983334064484e-02,8.322922140359878540e-02,9.849113970994949341e-02,8.485255390405654907e-02,1.271208226680755615e-01
4.120095968246459961e-01,6.825655102729797363e-01,5.623227953910827637e-01,1.013433709740638733e-01,6.903709378093481064e-03,6.903709378093481064e-03,2.466292306780815125e-02,1.644689030945301056e-02,8.183480799198150635e-02,9.239107370376586914e-02,7.897815108299255371e-02,1.242190226912498474e-01
4.217950403690338135e-01,6.875079870223999023e-01,5.531099438667297363e-01,9.316168725490570068e-02,5.849628243595361710e-03,5.849628243595361710e-03,2.154380269348621368e-02,1.437780633568763733e-02,8.043835312128067017e-02,8.623889833688735962e-02,7.325426489114761353e-02,1.216513440012931824e-01
4.320980608463287354e-01,6.921027302742004395e-01,5.431860089302062988e-01,8.483501523733139038e-02,4.832538776099681854e-03,4.832538776099681854e-03,1.848096214234828949e-02,1.234693359583616257e-02,7.903574407100677490e-02,8.000674098730087280e-02,6.767844408750534058e-02,1.194498315453529358e-01
4.430277347564697266e-01,6.963204145431518555e-01,5.324341058731079102e-01,7.632663100957870483e-02,3.856228897348046303e-03,3.856228897348046303e-03,1.547744031995534897e-02,1.035642530769109726e-02,7.762499153614044189e-02,7.367186248302459717e-02,6.226395815610885620e-02,1.176689565181732178e-01
4.547102749347686768e-01,7.001063227653503418e-01,5.207166671752929688e-01,6.760822981595993042e-02,2.929051406681537628e-03,2.929051406681537628e-03,1.254643872380256653e-02,8.415232412517070770e-03,7.620739936828613281e-02,6.721983850002288818e-02,5.704591050744056702e-02,1.163929551839828491e-01

Feature: melspectrogram
4.432454407215118408e-01,3.554230332374572754e-01,4.012420475482940674e-01,5.047007203102111816e-01,4.441482424736022949e-01,4.779092669486999512e-01,4.679971337318420410e-01,4.324482381343841553e-01,3.800888061523437500e-01,4.271143078804016113e-01,4.044565260410308838e-01,5.244049429893493652e-01,7.065197825431823730e-01,8.855520486831665039e-01,1.292077064514160156e+00,3.078000068664550781e+00,8.566647529602050781e+00,2.495126724243164062e+01,1.275191688537597656e+01,1.401024699211120605e+00,1.756012737751007080e-01,1.453485339879989624e-01,7.725254446268081665e-02,4.884646832942962646e-02,2.496540546417236328e-01,3.069199323654174805e-01,7.574953436851501465e-01,2.889763832092285156e+00,1.417588472366333008e+00,3.252260684967041016e-01,3.711836636066436768e-01,6.968014240264892578e-01,2.583232641220092773e+00,6.760562419891357422e+00,1.266438484191894531e+01,8.825160980224609375e+00,1.473158955574035645e+00,1.229973793029785156e+00,1.964873075485229492e-01,1.847058981657028198e-01,1.464715451002120972e-01,1.235412731766700745e-01,6.701273471117019653e-02,5.495537817478179932e-02,6.762322038412094116e-02,7.076174765825271606e-02,7.815966755151748657e-02,1.258578896522521973e-01,2.819505035877227783e-01,9.714791178703308105e-01,1.214169859886169434e+00,5.429629087448120117e-01,3.586431145668029785e-01,1.208479404449462891e-01,3.372089192271232605e-02,2.277029305696487427e-02,4.289226979017257690e-02,4.110709950327873230e-02,1.799450814723968506e-01,1.284572482109069824e+00,2.893900394439697266e+00,2.309251308441162109e+00,7.580283880233764648e-01,3.016184568405151367e-01,1.191393360495567322e-01,9.346412494778633118e-03,7.223185617476701736e-03,8.675965480506420135e-03,3.458723425865173340e-02,7.498009502887725830e-02,5.030028149485588074e-02,3.252531588077545166e-02,1.579263620078563690e-02,2.299017086625099182e-02,2.307729609310626984e-02,1.799603365361690521e-02,1.632763072848320007e-02,1.357522886246442795e-02,9.469212964177131653e-03,1.601875387132167816e-02,3.589257225394248962e-02,3.160236030817031860e-02,1.502629742026329041e-02,5.464156623929738998e-03,8.716690354049205780e-04,2.172169275581836700e-03,3.166981507092714310e-03,1.436305348761379719e-03,3.015282098203897476e-03,2.369421534240245819e-03,2.684082835912704468e-03,7.511259755119681358e-04,3.895303234457969666e-04,1.719158317428082228e-04,1.383223861921578646e-04,1.973686630662996322e-05,1.591863838257268071e-05,8.018318476388230920e-05,3.349285980220884085e-04,3.937222063541412354e-04,2.831766032613813877e-04,3.969448735006153584e-04,1.802093756850808859e-04,3.140028275083750486e-04,5.145140457898378372e-04,1.179518876597285271e-04,4.602620538207702339e-05,1.012698994600214064e-04,1.884522498585283756e-04,1.841773046180605888e-04,9.391469939146190882e-05,3.602949072956107557e-05,2.977391341119073331e-05,1.286843416892224923e-05,3.181384090567007661e-05,8.941785199567675591e-05,9.245048568118363619e-05,4.764190816786140203e-05,3.163622022839263082e-05,4.445540253072977066e-05,2.257852793263737112e-05,6.541913899127393961e-05,4.262997754267416894e-05,1.106733907363377512e-05,8.953926226240582764e-06,6.580800800293218344e-06,8.072314813034608960e-06,2.578214207460405305e-06
1.267330944538116455e-01,1.291303485631942749e-01,1.705512702465057373e-01,1.786944866180419922e-01,1.217607855796813965e-01,1.719074249267578125e-01,1.474677175283432007e-01,1.328790634870529175e-01,1.059557273983955383e-01,1.372537016868591309e-01,1.415086388587951660e-01,1.702914088964462280e-01,2.617603540420532227e-01,3.419505357742309570e-01,7.084049582481384277e-01,2.480929136276245117e+00,6.050582408905029297e+00,5.616315078735351562e+01,9.378662872314453125e+01,5.496385574340820312e+01,1.820351982116699219e+01,1.262723255157470703e+01,4.824550151824951172e+00,5.044254064559936523e-01,3.417031168937683105e-01,1.906381845474243164e-01,4.478778541088104248e-01,6.736446857452392578e+00,5.070374011993408203e+00,3.547966480255126953e+00,1.368853569030761719e+00,7.313676476478576660e-01,1.649050116539001465e+00,3.761142253875732422e+00,9.408023834228515625e+00,8.946036338806152344e+00,4.097619056701660156e+00,6.241716384887695312e+00,2.042199850082397461e+00,7.768549323081970215e-01,3.630856275558471680e-01,4.539233744144439697e-01,4.146600961685180664e-01,2.084874808788299561e-01,8.213727176189422607e-02,6.566865742206573486e-02,1.114396303892135620e-01,1.526850759983062744e-01,1.687944829463958740e-01,7.962335944175720215e-01,1.500519156455993652e+00,1.431306362152099609e+00,2.553773641586303711e+00,1.629237771034240723e+00,4.905802011489868164e-01,2.103034406900405884e-01,2.210025936365127563e-01,1.321872621774673462e-01,1.949018239974975586e-01,1.032643318176269531e+00,2.604122161865234375e+00,4.290665626525878906e+00,2.528937816619873047e+00,2.665843009948730469e+00,1.698883295059204102e+00,1.911217719316482544e-01,5.384890735149383545e-02,3.330095484852790833e-02,4.417392611503601074e-02,7.775429636240005493e-02,6.586829572916030884e-02,6.061298027634620667e-02,4.887956008315086365e-02,2.028220519423484802e-02,1.711332798004150391e-02,2.496535144746303558e-02,2.225160598754882812e-02,1.860068738460540771e-02,1.798511482775211334e-02,2.030419930815696716e-02,2.359247580170631409e-02,2.907245606184005737e-02,2.584774233400821686e-02,1.470871921628713608e-02,3.240170190110802650e-03,1.581121119670569897e-03,2.467758022248744965e-03,1.544910715892910957e-03,2.183500910177826881e-03,1.045113778673112392e-03,1.857949653640389442e-03,6.602550856769084930e-04,2.659592428244650364e-04,9.997587767429649830e-05,7.101890514604747295e-05,1.518074168416205794e-05,1.766430068528279662e-05,3.565696533769369125e-05,1.147395305451937020e-04,1.380229077767580748e-04,1.171760595752857625e-04,1.854987640399485826e-04,1.818582386476919055e-04,6.283237598836421967e-04,4.549308505374938250e-04,9.387644968228414655e-05,3.337107045808807015e-05,3.419376662350259721e-05,5.496569792740046978e-05,5.393955143517814577e-05,2.866950853785965592e-05,1.176664591184817255e-05,9.670135113992728293e-06,4.843142960453405976e-06,1.029591749102110043e-05,2.647117798915132880e-05,2.749099257925990969e-05,1.937345405167434365e-05,2.081054844893515110e-05,6.104681233409792185e-05,3.426662442507222295e-05,3.123734131804667413e-05,2.279547334183007479e-05,9.497396604274399579e-06,5.998697815812192857e-06,5.452010555018205196e-06,4.935242031933739781e-06,1.121521677305281628e-06
2.154082525521516800e-03,2.472509816288948059e-02,3.060553967952728271e-02,2.928556175902485847e-03,1.066012214869260788e-02,3.221414238214492798e-02,8.503206074237823486e-03,1.691666082479059696e-03,6.694465992040932178e-04,1.841920055449008942e-02,4.707791283726692200e-02,2.931355312466621399e-02,3.087019920349121094e-02,4.761776700615882874e-02,1.758712530136108398e-01,6.573038101196289062e-01,1.406836152076721191e+00,1.485584735870361328e+01,6.141675567626953125e+01,9.200373077392578125e+01,6.830953216552734375e+01,1.545913085937500000e+02,1.892382507324218750e+02,9.032161712646484375e+01,1.322466945648193359e+01,1.937101185321807861e-01,2.769146263599395752e-01,5.007757663726806641e+00,8.949146270751953125e+00,6.201511383056640625e+00,2.821964502334594727e+00,1.233740568161010742e+00,8.234563469886779785e-01,3.479119837284088135e-01,7.000601291656494141e-01,8.074939846992492676e-01,1.466933965682983398e+00,3.515615463256835938e+00,2.085463762283325195e+00,1.085570216178894043e+00,9.191823601722717285e-01,2.040186405181884766e+00,2.944179773330688477e+00,2.839493513107299805e+00,2.949522018432617188e+00,3.820191144943237305e+00,1.600389838218688965e+00,1.968205422163009644e-01,9.262730926275253296e-02,2.589561343193054199e-01,5.608743429183959961e-01,3.078475296497344971e-01,1.573201298713684082e+00,1.492877840995788574e+00,8.179144263267517090e-01,5.633277297019958496e-01,6.423643827438354492e-01,4.664870798587799072e-01,3.046117424964904785e-01,1.996483922004699707e+00,8.068282127380371094e+00,6.008368015289306641e+00,1.022400259971618652e+00,2.441007375717163086e+00,1.660765051841735840e+00,3.108856081962585449e-01,1.387542039155960083e-01,1.071872264146804810e-01,7.437418401241302490e-02,4.129680246114730835e-02,2.860489673912525177e-02,3.307265043258666992e-02,4.710292071104049683e-02,1.939542219042778015e-02,1.723532378673553467e-02,2.779220975935459137e-02,2.678909897804260254e-02,1.221836358308792114e-02,7.256568409502506256e-03,1.419331785291433334e-02,1.315618772059679031e-02,6.793809588998556137e-03,1.007994823157787323e-02,6.978818681091070175e-03,3.386877011507749557e-03,2.274475293233990669e-03,1.423960551619529724e-03,1.211425871588289738e-03,6.393704679794609547e-04,5.667424993589520454e-04,7.388180238194763660e-04,5.878319498151540756e-04,3.518569283187389374e-04,1.529304863652214408e-04,2.868923183996230364e-05,1.039553535520099103e-05,7.236953024403192103e-06,9.231501280737575144e-06,1.291525404667481780e-05,2.141018012480344623e-05,2.531113386794459075e-05,4.584714406519196928e-05,9.161531488643959165e-05,2.875447680708020926e-04,1.759965380188077688e-04,2.635468990774825215e-05,1.479515685787191615e-05,3.073627112826216035e-06,1.112410359382920433e-06,9.821098956308560446e-07,8.265689075415139087e-07,9.323445055997581221e-07,9.481396432420297060e-07,8.888936235962319188e-07,9.334517017123289406e-07,1.233159764524316415e-06,9.077713229999062605e-07,5.399662768468260765e-06,9.082070391741581261e-06,4.994211849407292902e-05,3.532676055328920484e-05,1.140184031100943685e-05,8.905165486794430763e-06,6.136537649581441656e-06,3.833143182419007644e-06,4.302153229218674824e-06,2.408350155747029930e-06,2.414579398646310437e-07
2.048054011538624763e-03,1.610953547060489655e-02,2.747828513383865356e-02,2.372260438278317451e-03,5.299836397171020508e-03,8.069379255175590515e-03,4.679360426962375641e-03,1.752151525579392910e-03,1.393628655932843685e-03,1.036410219967365265e-02,8.235485292971134186e-03,1.282162684947252274e-02,1.161321625113487244e-02,2.684569917619228363e-02,1.303238887339830399e-02,3.167254850268363953e-02,6.576316356658935547e-01,1.202560186386108398e+00,6.361133098602294922e+00,1.227799415588378906e+01,1.849732017517089844e+01,1.318388519287109375e+02,3.671362304687500000e+02,5.564854125976562500e+02,5.311651992797851562e+01,3.597392141819000244e-01,6.552153825759887695e-02,7.382665872573852539e-01,2.075869083404541016e+00,9.660532474517822266e-01,7.228518724441528320e-01,4.086005985736846924e-01,2.625013291835784912e-01,2.469688653945922852e-01,3.432236909866333008e-01,3.791812062263488770e-01,2.432160228490829468e-01,1.524072736501693726e-01,8.072438836097717285e-02,9.548003971576690674e-02,1.976060420274734497e-01,6.877902746200561523e-01,1.365958929061889648e+00,2.008296728134155273e+00,3.854335308074951172e+00,1.822855377197265625e+01,9.028222084045410156e+00,1.737770736217498779e-01,3.667572140693664551e-02,4.062922671437263489e-02,1.256717443466186523e-01,6.777600198984146118e-02,1.913803070783615112e-01,2.232922166585922241e-01,1.225246191024780273e-01,1.389909684658050537e-01,2.109563797712326050e-01,1.954173296689987183e-01,2.025730907917022705e-01,2.992821931838989258e+00,3.622876739501953125e+01,3.948463439941406250e+01,5.968945026397705078e-01,7.274487018585205078e-01,2.047635614871978760e-01,4.696395248174667358e-02,2.722389809787273407e-02,2.908387966454029083e-02,2.456122450530529022e-02,1.196212414652109146e-02,1.400702632963657379e-02,6.396546214818954468e-02,4.776101186871528625e-02,3.811571048572659492e-03,5.253168754279613495e-03,7.209929637610912323e-03,1.041188463568687439e-02,6.862026639282703400e-03,2.446520607918500900e-03,1.860149763524532318e-02,4.217114672064781189e-02,2.250076271593570709e-03,1.962933922186493874e-03,1.918329508043825626e-03,1.425404334440827370e-03,1.917359069921076298e-03,3.410913050174713135e-03,4.207790363579988480e-03,1.382199552608653903e-04,1.600774266989901662e-04,4.203243588563054800e-04,6.439709686674177647e-04,1.169064780697226524e-03,7.637632079422473907e-04,1.260412409465061501e-05,6.443247912102378905e-06,3.671973445307230577e-06,6.796351044613402337e-06,9.260442311642691493e-06,8.035461178224068135e-06,7.524120974267134443e-06,5.146725743543356657e-05,2.210376405855640769e-04,9.239259088644757867e-05,4.952459494234062731e-05,1.104730472434312105e-05,1.608868660696316510e-05,1.113281541620381176e-06,1.240001779478916433e-06,1.150112893810728565e-06,8.838649137032916769e-07,8.052098223743087146e-07,1.146563249676546548e-06,1.653519007049908396e-06,1.432136173207254615e-06,1.251245066669071093e-06,1.183323547593317926e-06,4.819997684535337612e-06,7.908351108198985457e-06,2.699941251194104552e-05,1.901401446957606822e-05,5.360947852750541642e-06,5.761158263339893892e-06,8.137855729728471488e-06,7.952925443532876670e-06,4.275934315955964848e-06,3.175048050252371468e-06,2.591430643406056333e-07
2.074697986245155334e-03,1.155084930360317230e-02,1.620703563094139099e-02,3.907131031155586243e-03,1.553647569380700588e-03,4.031683783978223801e-03,2.771922154352068901e-03,2.854134654626250267e-03,1.640061615034937859e-03,4.138004966080188751e-03,5.796601064503192902e-03,6.028121337294578552e-03,7.828500121831893921e-03,2.095104381442070007e-02,6.211915984749794006e-03,4.378399997949600220e-02,1.796683818101882935e-01,3.586488366127014160e-01,8.710519671440124512e-01,1.642416357994079590e+00,1.002476406097412109e+01,1.006285247802734375e+02,4.327080078125000000e+02,4.335787048339843750e+02,3.579010772705078125e+01,8.202047646045684814e-02,4.097447171807289124e-02,1.595795154571533203e-01,6.803435087203979492e-01,4.077488183975219727e-01,1.077843010425567627e-01,1.174928694963455200e-01,2.627830505371093750e-01,3.522130846977233887e-01,2.307197153568267822e-01,7.173229753971099854e-02,9.285856038331985474e-02,4.892344772815704346e-02,2.557006478309631348e-02,1.305016409605741501e-02,5.095490440726280212e-02,6.242552772164344788e-02,1.639982163906097412e-01,1.831282496452331543e+00,8.132431983947753906e+00,1.797043037414550781e+01,5.452960491180419922e+00,1.051372438669204712e-01,8.184714242815971375e-03,1.341911125928163528e-02,6.804316304624080658e-03,3.315481543540954590e-02,5.452992022037506104e-02,1.005986481904983521e-01,3.168661519885063171e-02,2.007376030087471008e-02,2.101824618875980377e-02,1.299677640199661255e-01,3.174944400787353516e+00,2.444517135620117188e+01,5.270780944824218750e+01,3.300490188598632812e+01,2.278684079647064209e-01,5.902290344238281250e-02,4.307591542601585388e-02,8.932184427976608276e-03,2.501799957826733589e-03,2.105638617649674416e-03,1.425112015567719936e-03,6.159428972750902176e-03,2.540128491818904877e-02,6.434471905231475830e-02,3.086115419864654541e-02,1.205640379339456558e-03,9.749429882504045963e-04,1.711689750663936138e-03,1.821011770516633987e-03,2.053943928331136703e-03,6.797851994633674622e-03,2.581506222486495972e-02,3.184556216001510620e-02,7.805695640854537487e-04,5.232322728261351585e-04,5.934475921094417572e-04,4.769791266880929470e-04,2.285717288032174110e-03,4.601389635354280472e-03,2.651814837008714676e-03,2.919908911280799657e-05,2.507885255909059197e-05,1.509899593656882644e-04,7.828543311916291714e-04,1.491646864451467991e-03,5.237502045929431915e-04,7.830769391148351133e-06,4.650066330214031041e-06,6.042633685865439475e-06,5.245849479251774028e-06,3.871685294143389910e-06,3.671927970572141930e-06,2.358038364036474377e-05,9.173146827379241586e-05,1.954024919541552663e-04,4.711537621915340424e-05,1.818862983782310039e-05,4.816496129933511838e-06,6.803621090512024239e-06,1.117261831495852675e-06,1.200050746774650179e-06,1.341377696917334106e-06,9.077367053578200284e-07,1.057326699083205312e-06,1.429893814020033460e-06,1.671250061008322518e-06,1.418970668964902870e-06,1.345320583823195193e-06,1.298867232435441110e-06,4.379081019578734413e-06,6.846493761258898303e-06,1.610252184036653489e-05,1.269194581254851073e-05,6.631339147133985534e-06,8.835116204863879830e-06,7.008956799836596474e-06,5.039956704422365874e-06,1.885629217213136144e-06,2.722674935284885578e-06,3.773952812480274588e-07
2.064244821667671204e-03,6.583623122423887253e-03,2.993392571806907654e-02,8.042072877287864685e-03,6.832804065197706223e-03,2.645860053598880768e-02,9.098740294575691223e-03,1.452036434784531593e-03,3.416589228436350822e-03,3.081208327785134315e-03,4.029965028166770935e-03,4.598238971084356308e-03,4.417195916175842285e-03,7.099317386746406555e-03,1.271815225481987000e-02,6.071368977427482605e-02,6.528235971927642822e-02,2.193469107151031494e-01,3.605332374572753906e-01,7.053146958351135254e-01,6.024766159057617188e+01,6.521854858398437500e+02,4.288042907714843750e+02,4.296225357055664062e+01,5.349988937377929688e+00,2.249822765588760376e-01,1.943662762641906738e-01,8.120864629745483398e-02,3.413633704185485840e-01,2.950383126735687256e-01,5.346076190471649170e-02,6.306050717830657959e-02,2.388458400964736938e-01,2.002423256635665894e-01,1.130250245332717896e-01,2.365823835134506226e-02,1.121272612363100052e-02,2.472712285816669464e-02,1.524987723678350449e-02,6.359128281474113464e-03,1.430572383105754852e-02,3.902687132358551025e-01,3.947925567626953125e+00,8.656270027160644531e+00,9.639509201049804688e+00,4.666440010070800781e+00,3.378160595893859863e-01,2.908303216099739075e-02,6.079906597733497620e-03,4.297232255339622498e-03,7.584449835121631622e-03,6.439383141696453094e-03,1.112678367644548416e-02,2.412839978933334351e-02,1.350678876042366028e-02,2.329600229859352112e-02,9.418384730815887451e-02,4.672444343566894531e+00,2.060491371154785156e+01,3.542097854614257812e+01,1.909981346130371094e+01,3.158816576004028320e+00,5.633460730314254761e-02,1.837664470076560974e-02,1.387813873589038849e-02,3.366567194461822510e-03,2.255017170682549477e-03,1.754794735461473465e-03,1.816488988697528839e-02,3.484573215246200562e-02,2.928964234888553619e-02,1.451723836362361908e-02,5.110740661621093750e-03,5.040492396801710129e-04,5.172116798348724842e-04,1.130113843828439713e-03,1.061212038621306419e-03,3.184667322784662247e-03,9.908171370625495911e-03,1.190260984003543854e-02,6.718947552144527435e-03,7.518455968238413334e-04,5.495957448147237301e-04,2.540294546633958817e-03,4.276232793927192688e-03,3.294062335044145584e-03,1.728712231852114201e-03,2.381884696660563350e-04,2.283016692672390491e-05,1.049559868988581002e-04,4.040578787680715322e-04,9.324720012955367565e-04,5.590827204287052155e-04,9.132787818089127541e-05,1.496859840699471533e-05,1.468072787247365341e-05,1.248246007889974862e-05,5.820691058033844456e-06,2.616869551275158301e-06,7.920913049019873142e-06,3.657738852780312300e-05,4.851747144130058587e-05,7.914112939033657312e-05,4.221110793878324330e-05,9.852255971054546535e-06,2.154285084543516859e-06,1.026554969030257780e-06,7.874571110733086243e-07,7.178764462878461927e-07,8.012093530851416290e-07,8.544619731765124016e-07,1.126843244492192753e-06,1.714042696221440565e-06,1.618979354134353343e-06,1.692893079052737448e-06,1.310491256845125463e-06,1.880859031189174857e-06,3.376305585334193893e-06,4.509987775236368179e-06,1.885665005829650909e-05,1.489434907853137702e-05,1.817419979488477111e-05,1.491550028731580824e-05,4.428864940564380959e-06,2.428166453682933934e-06,1.994098511204356328e-06,3.188241407769965008e-06,3.942253670174977742e-07
2.138572512194514275e-03,1.854457193985581398e-03,2.725311554968357086e-02,1.288017909973859787e-02,7.692547515034675598e-03,2.298987656831741333e-02,2.732134051620960236e-02,4.089652094990015030e-03,6.023326888680458069e-03,8.335456252098083496e-03,2.171395113691687584e-03,1.857805880717933178e-03,1.448819646611809731e-03,1.158528611995279789e-03,8.679563179612159729e-03,2.161847241222858429e-02,3.755444660782814026e-02,3.872545063495635986e-01,6.017193198204040527e-01,2.094558954238891602e+00,2.086087951660156250e+02,1.053198242187500000e+03,2.003818817138671875e+02,6.292045593261718750e+00,5.796096324920654297e-01,2.250856459140777588e-01,2.575446069240570068e-01,1.271885335445404053e-01,2.243014872074127197e-01,1.732211112976074219e-01,5.317364633083343506e-02,4.362503066658973694e-02,3.608483076095581055e-02,4.628727585077285767e-02,4.417795315384864807e-02,1.276753097772598267e-02,3.601389704272150993e-03,1.012780703604221344e-02,7.927008904516696930e-03,8.758662268519401550e-03,4.328661784529685974e-02,1.831641316413879395e+00,1.391226387023925781e+01,7.394084930419921875e+00,1.766426324844360352e+00,2.895979583263397217e-01,5.310028046369552612e-02,2.172996662557125092e-02,7.757617160677909851e-03,2.152869245037436485e-03,1.145376916974782944e-02,6.362035404890775681e-03,5.674177315086126328e-03,5.628805607557296753e-03,8.277276530861854553e-03,3.912631794810295105e-02,4.204086363315582275e-01,2.337556266784667969e+01,2.467954635620117188e+01,9.245285987854003906e+00,1.610815167427062988e+00,6.648576259613037109e-01,1.234838739037513733e-02,8.812500163912773132e-03,8.328104391694068909e-03,1.085481955669820309e-03,9.256170014850795269e-04,3.755453974008560181e-03,5.158200487494468689e-02,3.112099133431911469e-02,6.428005173802375793e-03,2.355728298425674438e-03,1.229356625117361546e-03,4.547409771475940943e-04,3.861610894091427326e-04,9.065417107194662094e-04,2.947432454675436020e-03,4.955593496561050415e-03,5.356549285352230072e-03,3.075128188356757164e-03,2.007925417274236679e-03,1.017557922750711441e-03,6.698546931147575378e-04,1.033050753176212311e-02,8.585000410676002502e-03,1.247312407940626144e-03,1.562737888889387250e-04,2.572961602709256113e-05,2.617498466861434281e-05,2.350689901504665613e-04,3.015995898749679327e-04,2.631618699524551630e-04,1.260201970580965281e-04,3.237986311432905495e-05,2.862925794033799320e-05,2.095874697261024266e-05,1.145622445619665086e-05,6.533174655487528071e-06,4.319763320381753147e-06,9.311207577411551028e-06,8.659071681904606521e-06,1.473016982345143333e-05,5.345061072148382664e-05,3.213690797565504909e-05,6.218817361514084041e-06,2.298303115821909159e-06,1.422197783540468663e-06,7.669360115869494621e-07,1.000746578938560560e-06,8.789833145783632062e-07,7.834997859390568919e-07,1.243574615727993660e-06,1.936506578203989193e-06,1.696106892268289812e-06,1.710369019747304264e-06,1.095385869120946154e-06,1.923604941111989319e-06,2.492273779353126884e-06,2.858205334632657468e-06,9.310543646279256791e-06,1.469238577556097880e-05,1.650595550017897040e-05,7.940661816974170506e-06,3.033303983102086931e-06,2.376337761234026402e-06,1.826667812565574422e-06,1.688988277237513103e-06,1.666138018663332332e-07
1.862813485786318779e-03,6.785630248486995697e-04,1.402441877871751785e-02,1.315853092819452286e-02,4.907481838017702103e-03,1.824944652616977692e-02,2.261725068092346191e-02,4.666420165449380875e-03,7.038310635834932327e-03,8.180092088878154755e-03,5.526137538254261017e-03,1.247447216883301735e-03,2.052850089967250824e-03,3.075868822634220123e-03,7.732253521680831909e-03,9.217325598001480103e-03,2.740389667451381683e-02,5.267827510833740234e-01,1.342089533805847168e+00,3.279601573944091797e+00,1.406430816650390625e+02,1.639482788085937500e+03,4.943850097656250000e+02,3.587064266204833984e+00,5.671452879905700684e-01,4.286419227719306946e-02,7.692590355873107910e-02,4.970404133200645447e-02,4.244849830865859985e-02,5.035594850778579712e-02,4.680868983268737793e-02,2.522225305438041687e-02,1.022853143513202667e-02,8.295593783259391785e-03,2.182687632739543915e-02,2.051564306020736694e-02,9.961781091988086700e-03,1.046495139598846436e-02,6.764803547412157059e-03,3.458789549767971039e-03,3.686153888702392578e-02,1.173156619071960449e+00,7.916740417480468750e+00,1.859815216064453125e+01,5.155395984649658203e+00,3.070680797100067139e-01,3.217092901468276978e-02,9.231390431523323059e-03,2.811366692185401917e-03,1.027530990540981293e-03,3.736161394044756889e-03,3.704619361087679863e-03,5.731121636927127838e-03,7.610176689922809601e-03,1.514599379152059555e-02,4.071759060025215149e-02,3.236929476261138916e-01,1.896711540222167969e+01,3.424153137207031250e+01,1.929742431640625000e+01,1.026980042457580566e+00,1.088077127933502197e-01,1.017479784786701202e-02,2.361010294407606125e-03,2.344515174627304077e-03,7.981065427884459496e-04,3.637556510511785746e-04,2.000681124627590179e-03,2.386845462024211884e-02,3.323510289192199707e-02,4.035140387713909149e-03,8.369422284886240959e-04,6.232939776964485645e-04,5.679668392986059189e-04,3.599961637519299984e-04,7.447927491739392281e-04,2.562589244917035103e-03,1.669532433152198792e-02,2.344488725066184998e-02,1.118374755606055260e-03,5.600477452389895916e-04,2.871644974220544100e-04,3.193988522980362177e-04,6.336180493235588074e-03,6.475988775491714478e-03,2.935360884293913841e-03,1.197794408653862774e-04,3.168111652485094965e-05,2.099254561471752822e-05,1.167077643913216889e-04,3.703082620631903410e-04,1.747011701809242368e-04,3.184882734785787761e-05,2.333072916371747851e-05,2.124297134287189692e-05,3.705578637891449034e-05,1.906108627736102790e-05,4.828575129067758098e-06,4.007266397820785642e-06,7.644415745744481683e-06,1.331377097812946886e-05,1.208060257340548560e-05,2.663600207597482949e-05,2.153281093342229724e-05,5.648170372296590358e-06,2.177760507038328797e-06,2.040534127445425838e-06,1.010756704999948852e-06,1.283633764614933170e-06,1.040811639541061595e-06,1.264641923626186326e-06,1.491727175562118646e-06,1.349797344118996989e-06,1.393431944052281324e-06,2.078713350783800706e-06,1.715320422590593807e-06,2.026401261900900863e-06,3.102497885265620425e-06,2.624927219585515559e-06,4.044147317472379655e-06,1.126307688537053764e-05,1.321772651863284409e-05,7.942798220028635114e-06,2.418647909507853910e-06,2.256272864542552270e-06,1.257627673112438060e-06,9.605105333321262151e-07,1.094421264724587672e-07
1.575246220454573631e-03,2.948780078440904617e-03,1.436957530677318573e-02,4.137089941650629044e-03,9.813856333494186401e-03,2.099805697798728943e-02,2.734211739152669907e-03,1.630846527405083179e-03,4.530147649347782135e-03,4.277497064322233200e-03,5.398566834628582001e-03,6.270355544984340668e-03,1.196001470088958740e-02,1.021956931799650192e-02,8.790479041635990143e-03,1.720635592937469482e-02,2.639138884842395782e-02,1.919756680727005005e-01,8.822695612907409668e-01,5.342068195343017578e+00,2.511557464599609375e+02,2.124538818359375000e+03,6.029486083984375000e+02,1.564025759696960449e+00,2.478954941034317017e-01,3.880060836672782898e-02,4.308455809950828552e-02,2.991196513175964355e-02,5.486003123223781586e-03,3.014096617698669434e-02,3.511808812618255615e-02,2.245389297604560852e-02,1.015123631805181503e-02,6.696291733533143997e-03,4.516881890594959259e-03,6.785661447793245316e-03,7.580946665257215500e-03,1.339344680309295654e-02,3.207325004041194916e-03,4.448279272764921188e-03,3.867314010858535767e-02,4.989895224571228027e-01,7.140808582305908203e+00,1.497608184814453125e+01,2.704464197158813477e+00,2.763692736625671387e-01,2.125033363699913025e-02,1.131237763911485672e-02,1.979208551347255707e-03,9.853682713583111763e-04,2.032917225733399391e-03,2.587455091997981071e-03,7.599117234349250793e-03,8.032111451029777527e-03,4.031298682093620300e-02,6.227529793977737427e-02,3.435947000980377197e-01,8.520157814025878906e+00,2.876534080505371094e+01,1.270641994476318359e+01,4.454720020294189453e-01,9.575807303190231323e-02,4.138926509767770767e-03,1.021099393256008625e-03,1.399644999764859676e-03,7.484976667910814285e-04,4.066045221406966448e-04,3.080184338614344597e-03,1.989775151014328003e-02,3.416061401367187500e-02,2.285808091983199120e-03,4.435540176928043365e-04,4.658336692955344915e-04,4.721568257082253695e-04,3.074037085752934217e-04,5.864983540959656239e-04,5.463486071676015854e-03,2.520394325256347656e-02,1.819955185055732727e-02,4.373532428871840239e-04,2.532849903218448162e-04,4.629126633517444134e-04,2.956008829642087221e-04,8.155751856975257397e-04,3.235845826566219330e-03,1.485516200773417950e-03,9.988049714593216777e-05,4.328488648752681911e-05,3.899557123077102005e-05,1.180765830213204026e-04,4.333067045081406832e-04,1.014509325614199042e-04,1.834316572058014572e-05,2.197477624577004462e-05,3.333900895086117089e-05,3.809057307080365717e-05,1.159724615718005225e-05,4.006493327324278653e-06,4.033540790260303766e-06,5.717289695894578472e-06,1.125632297771517187e-05,1.984301525226328522e-05,4.997314317733980715e-05,3.059404843952506781e-05,7.905633538030087948e-06,1.989415977732278407e-06,2.007705006690230221e-06,1.378042725264094770e-06,1.917883537316811271e-06,1.340022549811692443e-06,1.474556029279483482e-06,1.777343868525349535e-06,1.811127731343731284e-06,1.624752258067019284e-06,1.761583689585677348e-06,1.346000772173283622e-06,1.497994389865198173e-06,2.403323151156655513e-06,2.774883796519134194e-06,3.810746648014173843e-06,6.283457423705840483e-06,7.393203759420430288e-06,4.471415195439476520e-06,1.731096176627033856e-06,1.576760382704378571e-06,1.399869802298780996e-06,6.647391614933439996e-07,7.930218259843968553e-08
1.986593473702669144e-03,5.332241766154766083e-03,1.919128745794296265e-02,4.354556091129779816e-03,8.743895217776298523e-03,1.057711523026227951e-02,4.002741537988185883e-03,2.845955779775977135e-03,5.407651886343955994e-03,1.890321145765483379e-03,2.767331199720501900e-03,6.881856825202703476e-03,8.299898356199264526e-03,5.018353927880525589e-03,3.797183511778712273e-03,7.477396633476018906e-03,1.301330979913473129e-02,1.852332651615142822e-01,1.580524206161499023e+00,6.002170944213867188e+01,5.534479980468750000e+02,1.103147094726562500e+03,1.419002838134765625e+02,1.461126089096069336e+00,4.823590815067291260e-02,2.434041723608970642e-02,2.773370966315269470e-02,1.937867514789104462e-02,9.644796140491962433e-03,7.946932688355445862e-03,2.239639125764369965e-02,1.987223699688911438e-02,4.167002625763416290e-03,4.081883467733860016e-03,1.542787184007465839e-03,1.509657711721956730e-03,6.014578044414520264e-03,6.674538366496562958e-03,7.026607636362314224e-03,1.097649782896041870e-01,1.508028984069824219e+00,4.309190273284912109e+00,6.924170017242431641e+00,1.681299686431884766e+00,2.226593196392059326e-01,9.524059295654296875e-02,1.161052566021680832e-02,5.979089997708797455e-03,3.221506718546152115e-03,9.074446279555559158e-04,3.008616389706730843e-03,3.933368716388940811e-03,1.264894567430019379e-02,1.643376424908638000e-02,4.211586713790893555e-02,7.205854058265686035e-01,3.048227548599243164e+00,1.272531318664550781e+01,7.745626926422119141e+00,2.263309240341186523e+00,1.486014425754547119e-01,1.117688119411468506e-01,1.305450568906962872e-03,5.991985090076923370e-04,4.885818343609571457e-04,8.920665713958442211e-04,4.847766831517219543e-03,1.453622709959745407e-02,2.421252802014350891e-02,9.941235184669494629e-03,4.577961226459592581e-04,2.271654666401445866e-04,2.109585038851946592e-04,2.829969162121415138e-04,1.159762847237288952e-03,5.532274954020977020e-03,1.211749762296676636e-02,7.576256990432739258e-03,2.249247394502162933e-03,1.963765535037964582e-04,2.555969986133277416e-04,3.973679849877953529e-04,3.097205189988017082e-04,4.328041104599833488e-04,8.743077050894498825e-04,2.736760361585766077e-04,4.008168616564944386e-05,4.911732321488671005e-05,6.682047387585043907e-05,1.043004522216506302e-04,1.376312575303018093e-04,3.927033321815542877e-05,3.354971340741030872e-05,4.712313966592773795e-05,3.821843347395770252e-05,1.199130565510131419e-05,1.426216476829722524e-05,1.995240745600312948e-05,9.096940630115568638e-06,5.929552571615204215e-06,1.211688504554331303e-05,4.219948095851577818e-05,1.269594940822571516e-04,3.464431938482448459e-05,4.662972060032188892e-06,2.617795416881563142e-06,1.688513975750538521e-06,8.920224559005873743e-07,1.484895165049238130e-06,1.297495828112005256e-06,8.995963867164391559e-07,1.611440552551357541e-06,1.622101422071864363e-06,1.350908746644563507e-06,9.245800356438849121e-07,1.240648884959227871e-06,2.506665850887657143e-06,4.327594979258719832e-06,3.173370942022302188e-06,5.599284122581593692e-06,5.292666173772886395e-06,4.521222763287369162e-06,2.795849013637052849e-06,1.601912458681908902e-06,1.317200940320617519e-06,1.819843078010308091e-06,9.786369901121361181e-07,7.290476133903212030e-08
2.048307331278920174e-03,2.512686187401413918e-03,4.618248902261257172e-03,2.893821336328983307e-03,3.223818959668278694e-03,5.293345078825950623e-03,8.108505047857761383e-03,1.211595605127513409e-03,8.999998681247234344e-03,4.541534930467605591e-03,4.478582181036472321e-03,5.150885321199893951e-03,1.674743485637009144e-03,8.973962976597249508e-04,1.234186231158673763e-03,5.420861300081014633e-03,5.836176220327615738e-03,2.298254221677780151e-01,3.908131361007690430e+00,1.349977569580078125e+02,5.921867065429687500e+02,3.796376342773437500e+02,4.157042312622070312e+01,4.051159620285034180e-01,2.991042844951152802e-02,5.307670682668685913e-02,5.917284265160560608e-02,2.025239542126655579e-02,1.461629010736942291e-02,2.031086711212992668e-03,3.661269322037696838e-03,6.300432607531547546e-03,1.326961792074143887e-03,1.535818795673549175e-03,7.025588420219719410e-04,3.352164931129664183e-04,1.783428364433348179e-03,2.345278393477201462e-03,5.053711589425802231e-03,2.061656117439270020e-01,3.535254478454589844e+00,6.207336425781250000e+00,1.638160347938537598e+00,1.775340288877487183e-01,4.841318726539611816e-02,3.693718463182449341e-02,3.787299152463674545e-03,3.022714518010616302e-03,2.519255038350820541e-03,8.465356659144163132e-04,4.224569071084260941e-03,1.770139089785516262e-03,7.793166674673557281e-03,1.819206587970256805e-02,6.453889608383178711e-02,1.642616629600524902e+00,6.179974555969238281e+00,3.396734237670898438e+00,1.373147368431091309e+00,2.812399268150329590e-01,2.492634207010269165e-02,2.237645909190177917e-02,4.751227097585797310e-04,6.302445544861257076e-04,3.506439679767936468e-04,8.867994183674454689e-04,1.208178512752056122e-02,2.051192522048950195e-02,6.470357533544301987e-03,1.714731217361986637e-03,1.707356423139572144e-04,1.354778505628928542e-04,1.121845780289731920e-04,1.822074700612574816e-04,1.783893676474690437e-03,1.018202304840087891e-02,9.453168138861656189e-03,1.433687168173491955e-03,6.388052715919911861e-04,9.733355545904487371e-05,2.135057584382593632e-04,3.903040778823196888e-04,3.053600667044520378e-04,2.255745057482272387e-04,1.472787553211674094e-04,6.019993816153146327e-05,3.130872937617823482e-05,1.023403092403896153e-04,1.203636347781866789e-04,4.253407314536161721e-05,4.740009171655401587e-05,2.450340252835303545e-05,5.407776552601717412e-05,5.249179957900196314e-05,2.306125315953977406e-05,3.974202627432532609e-06,2.003148438234347850e-05,3.865539474645629525e-05,7.371902029262855649e-06,4.477247330214595422e-06,1.611826337466482073e-05,1.123923429986461997e-04,1.250736677320674062e-04,1.468640493840212002e-05,4.248749974067322910e-06,3.085430989813175984e-06,1.506358898950566072e-06,7.639772547918255441e-07,9.550706181471468881e-07,8.973456715466454625e-07,1.124337018154619727e-06,1.100064423553703818e-06,7.648313271602091845e-07,1.414797111465304624e-06,1.500647840657620691e-06,1.587137830938445404e-06,3.337579528306378052e-06,3.244814706704346463e-06,4.095080385013716295e-06,6.640627816523192450e-06,3.336567488076980226e-06,4.907237325824098662e-06,2.858559128071647137e-06,1.584433334755885880e-06,1.113771759264636785e-06,1.606073055882006884e-06,9.757716270542005077e-07,5.755287801889608090e-08
2.056183526292443275e-03,3.969183308072388172e-04,8.790732827037572861e-04,2.110341098159551620e-03,1.363210729323327541e-03,4.850021563470363617e-03,8.350333198904991150e-03,3.303657751530408859e-03,8.081928826868534088e-03,3.569917520508170128e-03,2.077836077660322189e-03,1.277653616853058338e-03,1.347182318568229675e-03,2.895992714911699295e-03,2.515513217076659203e-03,3.605590667575597763e-03,5.344334524124860764e-03,3.683291748166084290e-02,1.162113785743713379e+00,3.962654113769531250e+01,5.937841186523437500e+02,2.826887512207031250e+02,1.601505661010742188e+01,5.700143575668334961e-01,2.301567792892456055e-02,2.711575105786323547e-02,3.029512427747249603e-02,1.031991653144359589e-02,7.299812976270914078e-03,1.607174053788185120e-03,3.219713922590017319e-03,4.591073840856552124e-03,1.268541906028985977e-03,8.008618024177849293e-04,8.866476127877831459e-04,8.454262278974056244e-04,3.305875929072499275e-03,2.578352345153689384e-03,2.724278252571821213e-03,3.599452599883079529e-02,1.132023334503173828e+00,7.381511211395263672e+00,1.267129898071289062e+00,1.127079576253890991e-01,2.953884191811084747e-02,1.869658008217811584e-02,3.432080149650573730e-03,2.748283557593822479e-03,1.207163208164274693e-03,6.585544906556606293e-04,4.470032174140214920e-03,1.951212645508348942e-03,3.656046697869896889e-03,4.776423797011375427e-03,2.600261755287647247e-02,5.932195782661437988e-01,5.568563938140869141e+00,2.859527349472045898e+00,2.329774796962738037e-01,5.892667546868324280e-02,4.973629489541053772e-03,3.096794942393898964e-03,5.386393750086426735e-04,3.290215972810983658e-04,2.524844603613018990e-04,5.198830622248351574e-04,3.988669253885746002e-03,2.686869725584983826e-02,8.059994317591190338e-03,1.017912640236318111e-03,1.335885317530483007e-04,2.611605450510978699e-04,4.819736350327730179e-04,2.418742660665884614e-04,5.787335685454308987e-04,1.246473938226699829e-02,1.590283587574958801e-02,5.278991302475333214e-04,3.013696987181901932e-04,1.928996643982827663e-04,3.354972286615520716e-04,4.282623995095491409e-04,2.745983947534114122e-04,2.614033874124288559e-04,1.496374170528724790e-04,8.000156958587467670e-05,3.682767055579461157e-05,5.070633778814226389e-05,1.051599683705717325e-04,5.239114034338854253e-05,2.369739740970544517e-05,1.356067969027208164e-05,3.148441464873030782e-05,9.043866884894669056e-05,3.606873724493198097e-05,4.043212356918957084e-06,4.546544460026780143e-06,1.148454066424164921e-05,8.837547284201718867e-06,2.976166115331579931e-06,9.092112122743856162e-06,1.568606094224378467e-04,2.432053006486967206e-04,8.698670171725098044e-06,2.521771193642052822e-06,2.416841198282781988e-06,1.988384610740467906e-06,1.161291947937570512e-06,7.848778977859183215e-07,7.686045933041896205e-07,1.182850837722071446e-06,1.161236355073924642e-06,1.708903596409072634e-06,1.518058411420497578e-06,1.588518102835223544e-06,1.722521574265556410e-06,1.756911046868481208e-06,2.473934955560253002e-06,2.840566821760148741e-06,4.407464984979014844e-06,3.168456714774947613e-06,3.542636704878532328e-06,2.525099262129515409e-06,1.916338078444823623e-06,1.531917632746626623e-06,2.020330839513917454e-06,9.635662081564078107e-07,6.664377849574520951e-08
2.260240493342280388e-03,7.830801187083125114e-04,3.872425528243184090e-03,3.929297905415296555e-03,1.543032936751842499e-03,3.556615673005580902e-03,8.152635768055915833e-03,3.466412657871842384e-03,2.967943670228123665e-03,2.562296809628605843e-03,1.507560838945209980e-03,2.843527472577989101e-04,1.836059149354696274e-03,4.511534236371517181e-03,1.765264431014657021e-03,2.565109636634588242e-03,1.868236926384270191e-03,8.173895068466663361e-03,3.003090061247348785e-02,9.551855087280273438e+00,3.772521362304687500e+02,2.987188110351562500e+02,1.921815872192382812e+01,3.571244478225708008e-01,2.913726679980754852e-02,8.026480674743652344e-03,4.978098906576633453e-03,3.241499187424778938e-03,5.379994399845600128e-03,4.184787161648273468e-03,8.672444149851799011e-03,5.197593010962009430e-03,1.010838779620826244e-03,1.206988003104925156e-03,1.922918949276208878e-03,1.968808006495237350e-03,3.556946991011500359e-03,4.043206572532653809e-03,5.301948403939604759e-04,6.010265089571475983e-03,3.191718459129333496e-01,5.987511634826660156e+00,3.461165428161621094e+00,2.080390900373458862e-01,1.608576253056526184e-02,3.220142796635627747e-03,4.446609877049922943e-03,1.113202190026640892e-03,7.109880098141729832e-04,6.456546252593398094e-04,4.368289839476346970e-03,4.800208378583192825e-03,3.632201114669442177e-03,4.133670125156641006e-03,6.431997753679752350e-03,1.094723939895629883e-01,2.584153890609741211e+00,6.689342498779296875e+00,9.092067480087280273e-01,2.609400078654289246e-02,3.179479856044054031e-03,1.729073701426386833e-03,3.771133488044142723e-04,1.656082604313269258e-04,2.253977581858634949e-04,2.945736050605773926e-04,9.777012746781110764e-04,1.773306541144847870e-02,1.640009321272373199e-02,1.295697060413658619e-03,9.759217209648340940e-05,2.968132321257144213e-04,5.843699909746646881e-04,1.765880297170951962e-04,4.486739926505833864e-04,7.979812100529670715e-03,1.200553588569164276e-02,1.918157562613487244e-03,3.271633177064359188e-04,2.148808271158486605e-04,3.055115230381488800e-04,3.904004697687923908e-04,3.146393282804638147e-04,5.393079482018947601e-04,2.944580046460032463e-04,8.424183761235326529e-05,5.729657277697697282e-05,3.678552820929326117e-05,5.348475679056718946e-05,5.140230132383294404e-05,1.397094183630542830e-05,1.206935485242865980e-05,3.209966234862804413e-05,4.953964162268675864e-05,3.657687193481251597e-05,6.389173904608469456e-06,2.529953462726552971e-06,4.735767561214743182e-06,6.234408829186577350e-06,1.971910933207254857e-06,6.400702204700792208e-06,1.460214843973517418e-04,2.597527927719056606e-04,3.489056689431890845e-05,1.802623614821641240e-06,1.554759933242166881e-06,1.642467054807639215e-06,1.010372670862125233e-06,7.093283898029767442e-07,8.584435136071988381e-07,1.125488665820739698e-06,1.054866629601747263e-06,1.849675754783675075e-06,2.521969918234390207e-06,1.733891281219257507e-06,2.148944304281030782e-06,1.431972691534610931e-06,2.196640707552433014e-06,2.860988388420082629e-06,3.689006234708358534e-06,5.803087333333678544e-06,3.094197609243565239e-06,2.184242021030513570e-06,2.385824018347193487e-06,2.115268216584809124e-06,1.999243750105961226e-06,1.091456738322449382e-06,9.215015950303495629e-08
2.256537554785609245e-03,7.076321635395288467e-03,1.683502644300460815e-02,4.311121068894863129e-03,1.482905237935483456e-03,9.842786937952041626e-03,1.566440425813198090e-02,2.289280062541365623e-03,3.091796534135937691e-03,2.487128367647528648e-03,1.712636789306998253e-03,1.522375096101313829e-04,6.496396381407976151e-04,8.430726593360304832e-04,2.381762169534340501e-04,7.297583506442606449e-04,3.041299059987068176e-03,5.211771652102470398e-02,7.884122133255004883e-01,1.745641708374023438e+01,5.174465332031250000e+02,7.041194458007812500e+02,3.779229736328125000e+01,6.266982108354568481e-02,2.144609764218330383e-02,5.951400380581617355e-03,4.460129886865615845e-03,2.013143850490450859e-03,2.517787739634513855e-03,3.654027357697486877e-03,3.652628045529127121e-03,1.110597513616085052e-03,9.722209651954472065e-04,1.197620062157511711e-03,9.788158349692821503e-04,8.169712382368743420e-04,1.816408126614987850e-03,3.717522602528333664e-03,7.198884151875972748e-03,2.284822054207324982e-02,2.509975135326385498e-01,2.633691310882568359e+00,5.994225978851318359e+00,3.825932443141937256e-01,6.125572137534618378e-03,5.584431346505880356e-03,2.820837311446666718e-03,7.707881741225719452e-04,1.312959706410765648e-03,7.419570465572178364e-04,1.425038091838359833e-03,2.613415475934743881e-03,1.237825257703661919e-03,1.034781802445650101e-02,4.423401504755020142e-02,2.264181822538375854e-01,1.485598325729370117e+00,1.562346363067626953e+01,2.171108961105346680e+00,8.006694726645946503e-03,1.150262192822992802e-03,5.817436613142490387e-04,3.473464457783848047e-04,3.894460387527942657e-04,3.249278524890542030e-04,2.803569950629025698e-04,8.621873566880822182e-04,6.925914436578750610e-03,2.954258583486080170e-02,2.040823921561241150e-03,1.369750534649938345e-04,9.905407205224037170e-05,4.981125239282846451e-04,1.944269170053303242e-04,5.215755081735551357e-04,2.685085404664278030e-03,1.544186659157276154e-02,5.077222827821969986e-03,3.175486635882407427e-04,2.225709322374314070e-04,3.254884213674813509e-04,4.076201585121452808e-04,3.752383927349001169e-04,1.305092824622988701e-03,3.479957813397049904e-04,1.283178280573338270e-04,1.307414058828726411e-04,6.375451630447059870e-05,4.305517722968943417e-05,4.292560333851724863e-05,1.256926316273165867e-05,1.666743628447875381e-05,4.602647823048755527e-05,5.397034692578017712e-05,3.721880784723907709e-05,5.687175871571525931e-06,4.169868589087855071e-06,6.966216460568830371e-06,4.518868536251829937e-06,3.624541704994044267e-06,8.569370947952847928e-06,4.631127376342192292e-05,1.756126875989139080e-04,7.012630521785467863e-05,2.651446038726135157e-06,2.198686615884071216e-06,1.927913444887963124e-06,1.329986275777628180e-06,1.713834308247896843e-06,1.613204517525446136e-06,1.272000417884555645e-06,8.461373681711847894e-07,1.072745021701848600e-06,2.128222149622160941e-06,1.572745759403915145e-06,1.591632894815120380e-06,1.667423248363775201e-06,1.768110791999788489e-06,3.362125653438852169e-06,3.140354465358541347e-06,6.096018296375405043e-06,3.779829967243131250e-06,2.072232746286317706e-06,1.599998654455703218e-06,1.646151417844521347e-06,1.441011818315018900e-06,9.629327450966229662e-07,1.131417945998691721e-07
2.179550938308238983e-03,2.352350018918514252e-02,3.737897798418998718e-02,1.872971886768937111e-03,3.594635985791683197e-03,6.889995653182268143e-03,9.357400238513946533e-03,3.134810365736484528e-03,8.903082460165023804e-03,1.770126284100115299e-03,5.168891511857509613e-04,2.789074205793440342e-04,1.204106840305030346e-03,1.005668775178492069e-03,8.436421921942383051e-05,1.306134276092052460e-03,7.586067076772451401e-03,2.644901871681213379e-01,1.893307495117187500e+01,2.730004577636718750e+02,4.675046997070312500e+02,3.128446044921875000e+02,2.529015159606933594e+01,3.531770035624504089e-02,1.013704109936952591e-02,1.098909601569175720e-02,9.562021121382713318e-03,2.618445642292499542e-02,2.722933143377304077e-02,8.220452815294265747e-03,2.327369526028633118e-03,1.017096335999667645e-03,5.916305235587060452e-04,1.061558257788419724e-03,1.521625788882374763e-03,1.375893945805728436e-03,2.580380300059914589e-03,7.044142112135887146e-03,8.453264087438583374e-02,7.160650491714477539e-01,6.726140975952148438e-01,1.365254163742065430e+00,2.406810045242309570e+00,1.326792836189270020e-01,1.238033059053122997e-03,3.685684408992528915e-03,1.439537620171904564e-03,3.776616940740495920e-04,1.369131729006767273e-03,9.238061029464006424e-04,7.591663743369281292e-04,1.332694781012833118e-03,3.006001235917210579e-03,3.836803883314132690e-02,5.946162939071655273e-01,2.125639200210571289e+00,2.682031869888305664e+00,7.556628704071044922e+00,9.091321229934692383e-01,2.751708729192614555e-03,1.050241990014910698e-03,7.031591958366334438e-04,3.270881716161966324e-04,8.435676572844386101e-04,9.750812896527349949e-04,6.942567415535449982e-03,4.525078460574150085e-03,5.489894188940525055e-03,9.407610632479190826e-03,7.662502466700971127e-04,1.123785841627977788e-04,3.125390212517231703e-04,4.649758338928222656e-04,9.958208538591861725e-04,3.900259500369429588e-03,4.632179159671068192e-03,1.208364591002464294e-02,2.241596113890409470e-03,3.620847128331661224e-04,3.127845702692866325e-04,8.634314290247857571e-04,1.018240931443870068e-03,6.183765362948179245e-04,9.317607036791741848e-04,1.447289832867681980e-04,1.548652944620698690e-04,3.183743683621287346e-04,1.599115785211324692e-04,3.000974902533926070e-05,1.487674398958915845e-05,1.709689968265593052e-05,1.103525137295946479e-04,9.612143185222521424e-05,1.003765137284062803e-04,2.808232238749042153e-05,1.547818465041927993e-05,2.479541944921948016e-05,1.855917071225121617e-05,5.838755896547809243e-06,6.213134383870055899e-06,1.627544043003581464e-05,3.245138213969767094e-05,8.944928413257002831e-05,2.736552778515033424e-05,4.660093964048428461e-06,2.378654471613117494e-06,2.037509830188355409e-06,1.542247673569363542e-06,1.619037220734753646e-06,2.197520188929047436e-06,1.714703103061765432e-06,7.105440431587339845e-07,1.336063405688037165e-06,1.084104383153317031e-06,1.125513335864525288e-06,1.459297550354676787e-06,1.743560233080643229e-06,2.044064785877708346e-06,2.432474730085232295e-06,3.612961108956369571e-06,4.399731096782488748e-06,3.697245801959070377e-06,1.480184664615080692e-06,1.092549268832954112e-06,1.553761194372782484e-06,1.322463504038751125e-06,9.570635484124068171e-07,8.797064765531104058e-08
1.294020283967256546e-02,3.383272141218185425e-02,3.564932942390441895e-02,7.626514881849288940e-03,8.853662759065628052e-03,1.764715090394020081e-02,1.311098877340555191e-02,9.571749716997146606e-03,1.480634324252605438e-02,1.322978734970092773e-02,9.874357841908931732e-03,1.134198904037475586e-02,1.544229127466678619e-02,2.021738886833190918e-02,3.167056292295455933e-02,5.548157542943954468e-02,1.154666468501091003e-01,9.142891168594360352e-01,3.365542221069335938e+01,6.211583251953125000e+02,2.043097991943359375e+02,4.911393356323242188e+01,6.518655776977539062e+00,3.292791172862052917e-02,1.430308073759078979e-02,3.216215968132019043e-02,1.313864160329103470e-02,3.604334965348243713e-02,4.573262110352516174e-02,8.594314567744731903e-03,6.140111945569515228e-03,1.698385691270232201e-03,3.259111894294619560e-03,3.622428746894001961e-03,4.627472721040248871e-03,2.996372990310192108e-03,2.475508488714694977e-03,6.061309017241001129e-03,6.346715241670608521e-02,1.612983703613281250e+00,8.173483610153198242e-01,3.179636597633361816e-01,2.584806382656097412e-01,1.292336452752351761e-02,1.865089288912713528e-03,1.801330945454537868e-03,2.960117068141698837e-03,2.045609289780259132e-03,1.662913709878921509e-03,2.670947229489684105e-03,1.060346490703523159e-03,3.215304343029856682e-03,6.905128713697195053e-03,1.004302650690078735e-01,1.382367014884948730e+00,2.336604833602905273e+00,7.262002825736999512e-01,4.043179154396057129e-01,6.549365818500518799e-02,2.358944853767752647e-03,6.094111595302820206e-04,4.697164404205977917e-04,1.564917620271444321e-04,7.207024027593433857e-04,1.794474082998931408e-03,1.448571868240833282e-02,7.127074524760246277e-03,1.212123781442642212e-03,2.613500109873712063e-04,2.142708544852212071e-04,2.227127988589927554e-04,4.693979281000792980e-04,8.986386237666010857e-04,2.190846484154462814e-03,4.475342109799385071e-03,1.238298718817532063e-03,1.411349512636661530e-03,8.347515831701457500e-04,4.706772160716354847e-04,2.894585777539759874e-04,1.969947945326566696e-03,2.197227906435728073e-03,2.432618348393589258e-04,3.348664613440632820e-04,1.142645342042669654e-04,1.486243709223344922e-04,7.579764933325350285e-04,3.566332743503153324e-04,1.940432957781013101e-05,9.767468327481765300e-06,3.711444878717884421e-05,5.414594197645783424e-04,3.344253054820001125e-04,3.535371070029214025e-05,1.224666721100220457e-05,2.913376738433726132e-05,5.136743493494577706e-05,8.641114618512801826e-06,4.117695880268001929e-06,1.768116999301128089e-05,4.176340735284611583e-05,1.633907049836125225e-05,1.482895459048449993e-05,1.896465983008965850e-05,7.716877917118836194e-06,2.349769602005835623e-06,2.426750597805948928e-06,2.009967374760890380e-06,1.756491428750450723e-06,2.914232254624948837e-06,3.148993982904357836e-06,9.360157378068834078e-07,1.982361936825327575e-06,1.612146775187284220e-06,1.180638264486333355e-06,1.617408884158066940e-06,1.767417870723875239e-06,2.106059127982007340e-06,1.608470483915880322e-06,3.293589770692051388e-06,5.167663857719162479e-06,3.341288902447558939e-06,2.063693500531371683e-06,1.310916331931366585e-06,1.369014853480621241e-06,1.787930159480310977e-06,9.203542390423535835e-07,1.173438874957355438e-07
1.101559326052665710e-01,9.202655404806137085e-02,5.048211291432380676e-02,6.652010232210159302e-02,9.255772083997726440e-02,1.157456859946250916e-01,1.190325543284416199e-01,1.062692254781723022e-01,1.179180666804313660e-01,1.542834341526031494e-01,1.525567770004272461e-01,1.803097128868103027e-01,2.344204783439636230e-01,3.137758970260620117e-01,4.979421496391296387e-01,8.309679031372070312e-01,1.673941612243652344e+00,5.748017787933349609e+00,4.864415359497070312e+01,3.614454345703125000e+02,1.301359100341796875e+02,1.646149253845214844e+01,1.086821675300598145e+00,2.662431634962558746e-02,2.758430689573287964e-02,4.438488185405731201e-02,2.594721689820289612e-02,2.626833505928516388e-02,2.857784926891326904e-02,1.512675918638706207e-02,2.063232101500034332e-02,1.737607456743717194e-02,2.558836899697780609e-02,1.422220841050148010e-02,1.299719512462615967e-02,1.211867015808820724e-02,1.330341305583715439e-02,7.013820577412843704e-03,4.107850417494773865e-02,8.137708306312561035e-01,3.572148084640502930e-01,7.159627974033355713e-02,1.030271723866462708e-01,1.383866835385560989e-02,1.434871368110179901e-02,1.159314066171646118e-02,1.464623864740133286e-02,1.528575271368026733e-02,1.599527709186077118e-02,1.370698213577270508e-02,6.790646351873874664e-03,2.706233784556388855e-02,5.764469504356384277e-02,3.038402497768402100e-01,1.628032803535461426e+00,8.963655829429626465e-01,1.518440097570419312e-01,4.826011136174201965e-02,1.271450612694025040e-02,2.658850280568003654e-03,5.376320914365351200e-04,3.484310582280158997e-04,4.910543793812394142e-04,2.968770451843738556e-03,7.547059096395969391e-03,1.542098820209503174e-02,3.557073883712291718e-03,5.287429085001349449e-04,2.797953493427485228e-04,1.896647881949320436e-04,2.932338975369930267e-04,6.859913119114935398e-04,9.875849355012178421e-04,2.651826944202184677e-03,1.203933148644864559e-03,2.825983683578670025e-04,2.787479606922715902e-04,6.326818838715553284e-04,7.275550160557031631e-04,1.667749602347612381e-04,1.110690762288868427e-03,1.071502803824841976e-03,2.401048550382256508e-04,1.720877480693161488e-04,2.092088980134576559e-04,1.722337910905480385e-04,6.622852524742484093e-04,2.675414725672453642e-04,9.677379421191290021e-05,4.412060297909192741e-05,1.771406095940619707e-04,7.714853854849934578e-04,3.619139315560460091e-04,6.621959619224071503e-05,4.515728505793958902e-05,9.502581815468147397e-05,6.390377529896795750e-05,2.488161771907471120e-05,2.054839933407492936e-05,3.468109207460656762e-05,4.388463639770634472e-05,1.647887620492838323e-05,3.509286034386605024e-05,2.769356251519639045e-05,1.184202301374170929e-05,1.051800609275233001e-05,1.109994900616584346e-05,8.800569048617035151e-06,7.922745680843945593e-06,1.075351065082941204e-05,1.008716026262845844e-05,6.384643256751587614e-06,5.471455096994759515e-06,4.225228167342720553e-06,4.157731382292695343e-06,4.141649696975946426e-06,3.828173703368520364e-06,3.639695023593958467e-06,2.885757567128166556e-06,4.172591616224963218e-06,4.899708073935471475e-06,3.810176622209837660e-06,3.518988705764058977e-06,1.895581817734637298e-06,1.986029246836551465e-06,1.743879465720965527e-06,1.657595248616416939e-06,8.102576316559861880e-07

Feature: mfcc
-1.990448150634765625e+02,1.773397064208984375e+02,-5.090754699707031250e+01,7.724519968032836914e-01,4.001564979553222656e+00,-1.191274738311767578e+01,-8.927171707153320312e+00,3.407026529312133789e+00,-3.021032810211181641e+00,7.310421943664550781e+00,-7.077239036560058594e+00,-2.358032226562500000e+01,-2.322470903396606445e+00,2.801139831542968750e+00,4.137048244476318359e+00,1.871496963500976562e+01,1.252095985412597656e+01,1.547278118133544922e+01,-9.381050109863281250e+00,-1.471944236755371094e+01,6.651135921478271484e+00,5.183439254760742188e+00,-4.397311210632324219e+00,-1.592693042755126953e+01,-1.725458908081054688e+01,8.608415603637695312e+00,5.010376930236816406e+00,-1.484385967254638672e+01,8.406846046447753906e+00,1.592203140258789062e+01,1.039658164978027344e+01,4.198997497558593750e+00,-8.633083343505859375e+00,-4.084752082824707031e+00,-5.628753662109375000e+00,-4.082174301147460938e+00,-3.144454956054687500e+00,4.167603015899658203e+00,2.595408439636230469e+00,-3.160990953445434570e+00
-1.856451263427734375e+02,1.929123229980468750e+02,-7.472175598144531250e+01,-1.557834625244140625e+01,9.276559948921203613e-01,-2.794634628295898438e+01,-2.326987457275390625e+01,-9.352258682250976562e+00,-4.239456176757812500e+00,7.329321861267089844e+00,-3.538004398345947266e+00,-1.818554306030273438e+01,1.395606803894042969e+01,1.507907295227050781e+01,1.054858589172363281e+01,2.400862884521484375e+01,5.424952507019042969e+00,2.769628524780273438e+00,-1.611501502990722656e+01,-1.136353397369384766e+01,6.001344680786132812e+00,-7.480527877807617188e+00,-1.144855213165283203e+01,-1.175119781494140625e+01,-3.046354532241821289e+00,1.699274826049804688e+01,2.779980897903442383e+00,-4.781803131103515625e+00,1.193353652954101562e+01,8.719260215759277344e+00,-5.213382244110107422e-01,-8.104122161865234375e+00,-7.320920944213867188e+00,-5.574144363403320312e+00,8.156213909387588501e-02,4.634359478950500488e-02,3.638041973114013672e+00,6.290948867797851562e+00,-2.112722158432006836e+00,-2.894668817520141602e+00
-2.002668304443359375e+02,1.883587646484375000e+02,-9.824893188476562500e+01,-4.600387573242187500e+01,-9.809900283813476562e+00,-4.421629714965820312e+01,-3.412676620483398438e+01,-2.360434722900390625e+01,-1.281025505065917969e+01,6.486203193664550781e+00,3.348227739334106445e-01,5.641778945922851562e+00,3.436826324462890625e+01,2.342228317260742188e+01,5.596477985382080078e+00,4.546401023864746094e+00,-2.758454799652099609e+00,6.750906944274902344e+00,-8.845106124877929688e+00,-9.478723526000976562e+00,-1.229908108711242676e+00,-1.155883789062500000e+01,-2.743085861206054688e+00,7.690067291259765625e-01,7.256847381591796875e+00,1.413257312774658203e+01,-3.660610675811767578e+00,-1.417832493782043457e+00,4.300229072570800781e+00,-2.994578361511230469e+00,-6.294064521789550781e+00,-1.526159572601318359e+01,-8.139620780944824219e+00,4.848167896270751953e-01,8.963538169860839844e+00,2.724785804748535156e+00,-3.293728351593017578e+00,-3.405792951583862305e+00,-8.323990821838378906e+00,-4.293446540832519531e+00
-2.291776428222656250e+02,1.718191986083984375e+02,-9.119806671142578125e+01,-4.158692932128906250e+01,-1.009782600402832031e+01,-3.916087722778320312e+01,-3.246495056152343750e+01,-2.683010482788085938e+01,-8.778644561767578125e+00,1.177138423919677734e+01,5.667129516601562500e+00,1.568365287780761719e+01,4.059049224853515625e+01,2.382345962524414062e+01,-3.944168806076049805e+00,-1.171404743194580078e+01,-3.064582824707031250e+00,1.163322448730468750e+01,-9.939849853515625000e+00,-2.140331840515136719e+01,-8.853135108947753906e+00,-1.791289806365966797e+00,1.390440750122070312e+01,8.492767333984375000e+00,7.345073699951171875e+00,1.497864723205566406e+01,-7.595847129821777344e+00,-1.122566032409667969e+01,-8.667215704917907715e-02,3.154919147491455078e+00,-1.800639629364013672e-01,-1.760427856445312500e+01,-6.029936313629150391e+00,1.117310333251953125e+01,6.155798912048339844e+00,4.102420330047607422e+00,-3.102761030197143555e+00,-1.058968353271484375e+01,-3.359401464462280273e+00,-2.091227531433105469e+00
-2.581777648925781250e+02,1.603434448242187500e+02,-7.770731353759765625e+01,-3.911951065063476562e+01,-8.935850143432617188e+00,-3.350531387329101562e+01,-3.239198303222656250e+01,-2.888978004455566406e+01,-7.187087535858154297e+00,1.526132965087890625e+01,7.793771743774414062e+00,1.170170974731445312e+01,3.805865478515625000e+01,2.955500793457031250e+01,-6.069881439208984375e+00,-2.055280303955078125e+01,-2.225454807281494141e+00,1.742453193664550781e+01,-6.383001327514648438e+00,-2.955090332031250000e+01,-1.744805526733398438e+01,7.172658920288085938e+00,2.680565261840820312e+01,9.916015625000000000e+00,2.806791305541992188e+00,1.598558330535888672e+01,-7.007509231567382812e+00,-1.910239219665527344e+01,-4.781691074371337891e+00,8.513021469116210938e+00,3.976900577545166016e+00,-2.240901565551757812e+01,-6.599143981933593750e+00,1.858556556701660156e+01,7.306015968322753906e+00,1.079279994964599609e+01,1.328704595565795898e+00,-2.100567626953125000e+01,-2.282954216003417969e+00,8.600211143493652344e+00
-2.652212219238281250e+02,1.594638671875000000e+02,-7.131276702880859375e+01,-3.396225738525390625e+01,-4.341823577880859375e+00,-3.108818817138671875e+01,-3.002005195617675781e+01,-2.856889343261718750e+01,-6.339459419250488281e+00,1.891351890563964844e+01,6.965667724609375000e+00,1.200631046295166016e+01,4.436095046997070312e+01,3.403203964233398438e+01,-6.695033073425292969e+00,-2.618854522705078125e+01,-1.249783897399902344e+01,1.427364253997802734e+01,5.307182312011718750e+00,-2.539658737182617188e+01,-3.239169311523437500e+01,-4.882237434387207031e+00,2.854688644409179688e+01,1.452486228942871094e+01,-1.444530129432678223e+00,1.163794326782226562e+01,-2.141608476638793945e+00,-1.972369956970214844e+01,-1.549162864685058594e+01,-3.781437873840332031e-03,9.499793052673339844e+00,-1.358857345581054688e+01,-1.691260147094726562e+01,8.138578414916992188e+00,7.166306495666503906e+00,7.613258361816406250e+00,1.185777378082275391e+01,-8.235654830932617188e+00,-1.082731819152832031e+01,5.570315361022949219e+00
-2.796699523925781250e+02,1.574708557128906250e+02,-6.306963348388671875e+01,-3.387143707275390625e+01,-1.114631772041320801e+00,-2.905789566040039062e+01,-2.863039398193359375e+01,-2.765434646606445312e+01,-1.056041336059570312e+01,1.909340667724609375e+01,1.053838920593261719e+01,1.116534042358398438e+01,4.459197998046875000e+01,3.946740341186523438e+01,-4.538321018218994141e+00,-2.958576965332031250e+01,-1.890747451782226562e+01,5.296809196472167969e+00,5.987311840057373047e+00,-2.050955200195312500e+01,-3.995366287231445312e+01,-1.692383575439453125e+01,1.934555435180664062e+01,1.109262657165527344e+01,-7.192133665084838867e-01,1.251045417785644531e+01,7.322922229766845703e+00,-8.719512939453125000e+00,-1.621484756469726562e+01,-6.502099037170410156e+00,1.208703517913818359e+01,-2.104987382888793945e+00,-1.950021362304687500e+01,-2.245847940444946289e+00,6.065704822540283203e+00,3.417859554290771484e+00,1.580514335632324219e+01,6.867867946624755859e+00,-1.356424331665039062e+01,-2.242909431457519531e+00
-2.904432983398437500e+02,1.545934753417968750e+02,-5.735853958129882812e+01,-3.318112182617187500e+01,4.057562947273254395e-01,-2.651541519165039062e+01,-2.736494064331054688e+01,-3.065190887451171875e+01,-1.814320755004882812e+01,1.376533412933349609e+01,8.364556312561035156e+00,8.010375022888183594e+00,4.318502807617187500e+01,4.545112609863281250e+01,9.292536973953247070e-01,-3.262688064575195312e+01,-2.438490486145019531e+01,3.692473411560058594e+00,6.568885803222656250e+00,-2.383824157714843750e+01,-4.259676742553710938e+01,-1.658857345581054688e+01,1.894468116760253906e+01,1.806858634948730469e+01,3.848896265029907227e+00,6.836892127990722656e+00,8.743371963500976562e+00,-5.465574264526367188e+00,-1.833522796630859375e+01,-4.068564414978027344e+00,1.330451202392578125e+01,-8.471899032592773438e+00,-2.485290527343750000e+01,-2.688282728195190430e-01,9.986454010009765625e+00,5.801247119903564453e+00,1.747129821777343750e+01,3.704925775527954102e+00,-1.807773208618164062e+01,-1.616587758064270020e+00
-2.972041320800781250e+02,1.518520812988281250e+02,-5.231866455078125000e+01,-3.097695541381835938e+01,2.647452592849731445e+00,-2.252883148193359375e+01,-2.943705749511718750e+01,-3.416838455200195312e+01,-2.210676956176757812e+01,8.438934326171875000e+00,8.063163757324218750e+00,8.266595840454101562e+00,4.091444396972656250e+01,4.650537490844726562e+01,6.121963977813720703e+00,-2.953755569458007812e+01,-2.400997161865234375e+01,6.478105068206787109e+00,9.368429183959960938e+00,-1.923734664916992188e+01,-3.638430786132812500e+01,-1.632134819030761719e+01,2.120275497436523438e+01,2.639270591735839844e+01,7.684017658233642578e+00,6.353524208068847656e+00,1.063384628295898438e+01,-4.718008995056152344e+00,-2.289729309082031250e+01,-8.565647125244140625e+00,8.653806686401367188e+00,-1.323775100708007812e+01,-2.529640388488769531e+01,-1.231482982635498047e+00,9.753309249877929688e+00,4.998462677001953125e+00,1.196980285644531250e+01,4.840270996093750000e+00,-1.337807273864746094e+01,-1.671475887298583984e+00
-3.015148315429687500e+02,1.503896484375000000e+02,-5.167543792724609375e+01,-3.497682189941406250e+01,5.492172241210937500e+00,-1.490004730224609375e+01,-2.974118804931640625e+01,-3.242005920410156250e+01,-2.143770980834960938e+01,4.094652175903320312e+00,9.971560478210449219e+00,9.232894897460937500e+00,4.039905548095703125e+01,5.385605621337890625e+01,1.601442718505859375e+01,-2.749191665649414062e+01,-3.196987724304199219e+01,-1.473815441131591797e+00,8.761771202087402344e+00,-1.070865631103515625e+01,-3.003735923767089844e+01,-2.674038505554199219e+01,8.719682693481445312e+00,2.521113777160644531e+01,1.168463420867919922e+01,1.062346458435058594e+01,1.771578598022460938e+01,7.992425918579101562e+00,-2.188449096679687500e+01,-2.187344741821289062e+01,6.210047245025634766e+00,-4.243355751037597656e+00,-2.152733612060546875e+01,-5.738354682922363281e+00,6.117780685424804688e+00,2.225465774536132812e-01,3.172750473022460938e+00,1.285954284667968750e+01,2.083463907241821289e+00,-4.057322978973388672e+00
-3.193677368164062500e+02,1.419406433105468750e+02,-4.358247375488281250e+01,-3.387671279907226562e+01,4.762739181518554688e+00,-1.245323181152343750e+01,-3.287028884887695312e+01,-3.561778640747070312e+01,-2.306751632690429688e+01,1.694289922714233398e+00,1.354575157165527344e+01,1.238367843627929688e+01,3.791333007812500000e+01,5.298588562011718750e+01,1.706348419189453125e+01,-2.757265472412109375e+01,-3.721631622314453125e+01,-1.013645744323730469e+01,6.058115959167480469e+00,-5.855190277099609375e+00,-2.476143074035644531e+01,-3.147056579589843750e+01,-1.376054286956787109e+00,2.370011138916015625e+01,1.379787635803222656e+01,1.017233085632324219e+01,2.052993965148925781e+01,1.785768508911132812e+01,-1.151013374328613281e+01,-2.119134521484375000e+01,5.152915000915527344e+00,4.110744476318359375e+00,-1.465530967712402344e+01,-1.098826980590820312e+01,-1.629680633544921875e+00,-3.523542404174804688e+00,-2.064120054244995117e+00,1.487851333618164062e+01,1.137667751312255859e+01,-4.883016109466552734e+00
-3.314978027343750000e+02,1.327790527343750000e+02,-4.013941192626953125e+01,-3.099031448364257812e+01,2.559379935264587402e-01,-1.640416336059570312e+01,-3.023494911193847656e+01,-3.064761734008789062e+01,-2.555577468872070312e+01,-3.497136592864990234e+00,1.376167583465576172e+01,1.127326202392578125e+01,3.270558929443359375e+01,4.719532012939453125e+01,1.560466289520263672e+01,-2.446678924560546875e+01,-3.803050231933593750e+01,-1.395267772674560547e+01,4.444123268127441406e+00,-6.919388294219970703e+00,-2.604013824462890625e+01,-2.988574790954589844e+01,2.138626337051391602e+00,2.309736251831054688e+01,1.244704055786132812e+01,8.346788406372070312e+00,1.401398086547851562e+01,1.499101638793945312e+01,-1.130972480773925781e+01,-2.279752731323242188e+01,4.403807640075683594e+00,4.315602302551269531e+00,-1.124703216552734375e+01,-9.647138595581054688e+00,-1.475385427474975586e+00,5.387324333190917969e+00,6.693198680877685547e+00,1.784851074218750000e+01,1.174776077270507812e+01,-6.897584915161132812e+00
-3.391455993652343750e+02,1.260301055908203125e+02,-3.919968414306640625e+01,-2.788763427734375000e+01,8.661284446716308594e-01,-1.463296890258789062e+01,-2.334246063232421875e+01,-2.255939483642578125e+01,-2.085138320922851562e+01,2.236505985260009766e+00,1.800335311889648438e+01,8.521461486816406250e+00,2.975904273986816406e+01,4.557532882690429688e+01,1.490068340301513672e+01,-2.134878349304199219e+01,-3.543917083740234375e+01,-1.265397739410400391e+01,5.851737499237060547e+00,-8.054557800292968750e+00,-2.746659469604492188e+01,-2.646648406982421875e+01,8.130451202392578125e+00,2.628101348876953125e+01,1.474334812164306641e+01,1.025648117065429688e+01,1.191148948669433594e+01,7.852381706237792969e+00,-2.095521163940429688e+01,-2.645082092285156250e+01,6.730317592620849609e+00,2.875931501388549805e+00,-1.571679592132568359e+01,-1.054960632324218750e+01,2.533736944198608398e+00,1.330928039550781250e+01,1.576201629638671875e+01,1.860306549072265625e+01,3.407977104187011719e+00,-1.087628936767578125e+01
-3.379654846191406250e+02,1.263708801269531250e+02,-3.829998779296875000e+01,-2.392340850830078125e+01,3.433596134185791016e+00,-1.215811824798583984e+01,-1.855925750732421875e+01,-2.291347122192382812e+01,-2.255738449096679688e+01,4.879570960998535156e+00,1.935678100585937500e+01,1.239824676513671875e+01,3.871387863159179688e+01,5.451675415039062500e+01,2.263203048706054688e+01,-1.812931251525878906e+01,-3.836153793334960938e+01,-1.811483955383300781e+01,3.784417629241943359e+00,-7.984407424926757812e+00,-3.272164154052734375e+01,-3.339687347412109375e+01,3.639296770095825195e+00,2.512878608703613281e+01,1.650145339965820312e+01,9.806629180908203125e+00,1.619025421142578125e+01,1.852020263671875000e+01,-1.416699790954589844e+01,-2.412872886657714844e+01,5.236886978149414062e+00,1.601622343063354492e+00,-1.277603530883789062e+01,-9.362691879272460938e+00,-2.983510971069335938e+00,5.056880950927734375e+00,1.322788047790527344e+01,1.720537185668945312e+01,2.887470722198486328e-01,-9.288595199584960938e+00
-3.255346984863281250e+02,1.336438293457031250e+02,-4.179064941406250000e+01,-2.245829391479492188e+01,2.865528106689453125e+00,-1.948592758178710938e+01,-2.205388641357421875e+01,-2.411541748046875000e+01,-1.965177536010742188e+01,7.378564834594726562e+00,1.656506538391113281e+01,1.138107585906982422e+01,3.687589645385742188e+01,5.886841583251953125e+01,3.297637939453125000e+01,-1.441076755523681641e+01,-3.831273269653320312e+01,-2.242129516601562500e+01,2.561212539672851562e+00,1.703697443008422852e+00,-2.590224456787109375e+01,-3.896247100830078125e+01,-1.048256301879882812e+01,1.670613861083984375e+01,1.757342529296875000e+01,9.505603790283203125e+00,1.650369644165039062e+01,3.064289474487304688e+01,3.704772949218750000e+00,-2.349094200134277344e+01,-4.713928699493408203e+00,2.756516456604003906e+00,-9.540256500244140625e+00,-1.284318828582763672e+01,-9.074202537536621094e+00,1.437438130378723145e+00,1.035000991821289062e+01,1.455947971343994141e+01,9.633288383483886719e+00,-2.131243705749511719e+00
-3.138116149902343750e+02,1.533885650634765625e+02,-2.129336547851562500e+01,-1.234756183624267578e+01,1.651324391365051270e+00,-1.784643554687500000e+01,-1.969273757934570312e+01,-3.250439834594726562e+01,-2.743554496765136719e+01,9.125665426254272461e-01,7.079446792602539062e+00,3.157029151916503906e+00,2.073639488220214844e+01,4.424845886230468750e+01,3.451245498657226562e+01,-3.231949806213378906e+00,-2.454159927368164062e+01,-1.581487083435058594e+01,3.653275966644287109e+00,7.894985675811767578e+00,-1.432192039489746094e+01,-3.009263610839843750e+01,-1.266282176971435547e+01,1.132172393798828125e+01,1.634629821777343750e+01,8.312765121459960938e+00,9.401666641235351562e+00,2.251941680908203125e+01,9.956621170043945312e+00,-1.917538833618164062e+01,-1.382845020294189453e+01,4.561953544616699219e+00,4.530264139175415039e-01,-1.088245201110839844e+01,-1.261921310424804688e+01,-8.590705990791320801e-01,7.385227203369140625e+00,7.473768234252929688e+00,1.495180130004882812e+01,9.086879730224609375e+00
-2.899035339355468750e+02,1.773005981445312500e+02,-6.554112434387207031e+00,-6.190964698791503906e+00,3.443732738494873047e+00,-3.066105842590332031e+00,-1.132442474365234375e+01,-3.760223388671875000e+01,-2.892721939086914062e+01,-5.648007869720458984e+00,-8.680555820465087891e-01,1.507786154747009277e+00,8.169070243835449219e+00,2.330015945434570312e+01,2.813277053833007812e+01,8.540347099304199219e+00,-8.828517913818359375e+00,-1.041460418701171875e+01,-2.898253679275512695e+00,3.771745920181274414e+00,-9.523458480834960938e+00,-2.510852622985839844e+01,-1.261481761932373047e+01,7.496123313903808594e+00,1.428389739990234375e+01,7.640171527862548828e+00,1.782086253166198730e+00,1.381363868713378906e+01,1.290995121002197266e+01,-1.004746627807617188e+01,-1.344394683837890625e+01,9.989051222801208496e-01,4.782756328582763672e+00,-6.156920433044433594e+00,-1.210090923309326172e+01,-1.311095476150512695e+00,4.066279411315917969e+00,2.410169601440429688e+00,1.117377376556396484e+01,1.216513061523437500e+01

Feature: rms
7.770044356584548950e-02
1.264775395393371582e-01
1.672374457120895386e-01
1.848720312118530273e-01
2.100750803947448730e-01
2.171513140201568604e-01
2.497147917747497559e-01
2.787496149539947510e-01
2.661830484867095947e-01
2.644117474555969238e-01
2.177152633666992188e-01
1.793174445629119873e-01
1.933790445327758789e-01
1.825768500566482544e-01
1.885768324136734009e-01
1.695849448442459106e-01
1.275743544101715088e-01

Feature: spectral_centroid
1.264736120396973547e+03
1.181016823134187462e+03
1.070060315526189015e+03
1.097830138464098809e+03
1.161987654574462113e+03
1.116340024102754569e+03
1.035429479790604546e+03
9.985165849895299743e+02
9.170552154502984195e+02
8.930360377442254958e+02
8.537266752918088741e+02
8.633516375527075297e+02
9.165129168262380972e+02
8.617503088499341857e+02
8.326934767927399434e+02
7.953048680156857699e+02
7.782265870219565613e+02

Feature: spectral_bandwidth
1.232217811003918086e+03
9.910043039389303203e+02
7.922549964619244065e+02
7.856893278997879406e+02
7.825955983959759124e+02
7.785519617126665253e+02
7.614266279625834386e+02
7.173971196297746928e+02
6.815522821030783689e+02
6.852004652755113057e+02
7.039475062480638599e+02
7.462910717870673807e+02
7.938972345545721510e+02
7.260615515727427010e+02
7.000346453320447608e+02
7.494761257469870088e+02
8.477426757655688334e+02

Feature: spectral_contrast
2.212079432070572338e+00,2.935758632194846562e+00,1.681956821360468268e+01,1.673372343996499723e+01,1.762843672751124302e+01,2.086697533331059873e+01,2.302712519678489400e+01
9.535174703460382872e+00,7.302135276114123386e+00,2.226063077410064750e+01,1.336645740931810522e+01,2.216304368758238041e+01,2.326579733079678292e+01,2.455160244212060405e+01
1.955686545488230266e+01,1.561811565263315238e+01,1.928713446511934393e+01,1.037678870761332561e+01,2.301639027999019405e+01,2.425929836955853247e+01,4.527606081196562116e+01
1.989363634060537223e+01,1.112697661181426767e+01,2.693075534882943600e+01,1.960461624584091567e+01,3.001220178784839376e+01,2.461601648625488536e+01,4.459835332212932002e+01
2.713277994295413009e+01,1.004467334653777577e+01,2.694384103464400226e+01,2.230452368849815059e+01,3.218880866649363526e+01,2.421711230274813076e+01,4.293579594171285407e+01
2.303663612300674757e+01,8.793528316301364001e+00,2.435380287038191227e+01,2.214668727614478172e+01,3.045408062435039653e+01,2.521599094951703535e+01,4.294448691994553258e+01
2.129678414239939244e+01,9.131654650194530376e+00,2.599194766819091740e+01,2.313791481127029925e+01,3.226367090431144646e+01,2.731265507040627583e+01,4.343893543399591550e+01
1.693452235780857862e+01,8.116935352755170641e+00,3.049355546234750491e+01,2.582889524851934127e+01,3.106252193053787991e+01,2.519162923065660209e+01,4.380709830251544901e+01
1.466478511218970660e+01,1.472579259200160706e+01,3.280409798474269678e+01,2.373716348599658232e+01,3.345214274580425240e+01,2.470299637171219587e+01,4.243326814693813276e+01
1.771459080154859222e+01,9.023594046700239346e+00,3.475835998620173228e+01,2.326753688375890050e+01,3.617696257714830210e+01,2.251865833463815747e+01,4.212934714556637061e+01
2.351882721882183347e+01,1.055172231874950484e+01,3.709932309403181705e+01,2.861473174959412802e+01,3.164368829552648066e+01,2.094720306654443220e+01,4.465289592809975971e+01
2.032038977709588323e+01,1.059459641818091846e+01,3.418837821250967579e+01,2.662545077720224640e+01,3.220053811604005034e+01,2.184968607355164494e+01,4.423285961540695155e+01
1.916642343481923660e+01,7.903132293720414481e+00,3.615461388150141886e+01,2.845396413161834204e+01,2.998257356173091637e+01,2.059474525082224616e+01,4.397334375773930049e+01
2.593040142968035511e+01,1.210227696224043115e+01,3.695637432165133873e+01,2.848331853379420764e+01,3.418289612072619832e+01,2.196696650059811162e+01,4.184158812394406368e+01
2.285127428392906523e+01,1.473110392879943298e+01,4.025028194121969705e+01,2.537229815892910167e+01,3.040589968589949166e+01,2.095517198572248674e+01,4.132684794266371853e+01
9.132853836717028884e+00,7.075904391610480459e+00,3.342593846262063551e+01,2.469600133584392410e+01,2.700490686818770669e+01,2.228728401024075012e+01,1.597686212486434698e+01
5.010929776393895807e+00,3.570407270870076033e+00,2.717439267654112101e+01,1.476414139653537383e+01,2.194894997438784046e+01,1.513157734738352644e+01,1.219810969347960850e+01

Feature: spectral_flatness
1.595273846760392189e-03
4.031224816571921110e-04
5.410368612501770258e-05
2.050075272563844919e-05
1.515055282652610913e-05
1.316065572609659284e-05
8.264401913038454950e-06
4.530386831902433187e-06
3.200702622052631341e-06
4.835865183849819005e-06
6.132632279332028702e-06
6.301946541498182341e-06
8.009164957911707461e-06
4.242309842084068805e-06
6.094545369705883786e-06
9.456026418774854392e-06
4.114473631489090621e-05

Feature: spectral_rolloff
1.937988281250000000e+03
1.927221679687500000e+03
1.830322265625000000e+03
1.830322265625000000e+03
1.819555664062500000e+03
1.776489257812500000e+03
1.722656250000000000e+03
1.722656250000000000e+03
1.701123046875000000e+03
1.658056640625000000e+03
1.614990234375000000e+03
1.604223632812500000e+03
1.647290039062500000e+03
1.636523437500000000e+03
1.582690429687500000e+03
1.475024414062500000e+03
1.259692382812500000e+03

Feature: poly_features
-2.525944417608446757e-04,1.995940065099959693e+00
-3.799575368770732832e-04,2.984786017468276764e+00
-4.852555494543961813e-04,3.783564709575754748e+00
-4.307102625259678712e-04,3.364461642110671225e+00
-3.941834428737078571e-04,3.092498888312173122e+00
-3.819805787946565969e-04,2.987510691060967449e+00
-3.403828315951970768e-04,2.647968970641897180e+00
-3.886220916278089986e-04,3.016036706727012628e+00
-4.022775416105438869e-04,3.105981621387958747e+00
-3.633768433732765418e-04,2.801456924354751798e+00
-2.890183895619077869e-04,2.222832041186741492e+00
-2.256149510934013947e-04,1.736215562371095977e+00
-1.954587688244915087e-04,1.509084627172190718e+00
-2.509260192371850899e-04,1.930807799628865729e+00
-2.905689851587915130e-04,2.231912650578269819e+00
-2.274503738082280229e-04,1.743177594345461268e+00
-2.265019772992210882e-04,1.734151159160973732e+00

Feature: tonnetz
4.189839608426916551e-02,-6.951871670739233344e-03,-7.302238792181037219e-02,-1.271165274083620178e-01,-4.276314778822552266e-03,-1.561441924422973804e-02
3.549832376368679959e-02,-2.451187662741671422e-02,-1.032462203875184059e-01,-2.853879239410179666e-02,-8.313018365032020379e-03,-3.099871333688503094e-02
1.058957138265216730e-01,5.454609672231730370e-03,-1.735174423083662987e-01,-2.050523273646832623e-01,-4.419067984905940966e-02,-7.311500376090414310e-02
-1.653161701458458893e-02,7.410131663506648592e-02,3.704979969188575833e-02,-3.149591702967882156e-01,-6.002701980701437290e-02,3.614512854255726333e-03
1.133626262953656427e-01,1.412403205930451433e-01,4.370599053800112987e-02,-4.440707117319107611e-01,-1.168993312439292609e-01,-1.112069305963817208e-02
2.823426687904430632e-01,2.196631245795482162e-02,-2.629012605175374828e-01,-5.041229943744839348e-01,-1.026424971421421029e-01,-1.597043003421277363e-01
-1.587365696120620132e-02,-2.633517157327930347e-01,-4.824939258396625519e-01,-2.554293782450260397e-01,6.197399503740495114e-02,-1.890401358250528852e-01
2.302354511694346129e-01,-6.460488811421613575e-02,-3.739527561701833647e-01,-4.170982553623618361e-01,-5.790899004975334080e-02,-1.797651394736022590e-01
1.764117773824112889e-01,-1.269142747297160589e-01,-4.252624227665364187e-01,-4.050723756663502373e-01,-1.607849782906297861e-02,-1.968488177517429549e-01
-1.040168499423869547e-01,-2.320767362473747097e-01,-5.080490391701459885e-01,-4.793240036815418076e-02,1.204392939988059158e-01,-1.209135613171383739e-01
-1.088633773554850692e-01,-8.766151341810435316e-02,-4.221040005795657635e-01,1.305954693816600287e-01,1.276582552496063061e-01,-2.957679505925625216e-02
-2.352667060986414760e-01,-3.510785977288536364e-01,-5.743516855873168625e-01,7.489775121211990350e-02,1.890436273926031918e-01,-1.150586416479200125e-01
-2.311222196610535351e-01,-4.098157011579767750e-01,-6.144169070757926621e-01,-2.596702240407481460e-02,1.889312093819421612e-01,-1.657699765637516698e-01
-2.408081088852858653e-01,-4.200876239019085689e-01,-6.085078879259528950e-01,2.918883366510256067e-02,1.813637197538402468e-01,-1.539325420744717676e-01
-1.046931045084700390e-01,-1.654548247253840709e-03,-3.200965803116560537e-01,2.780768936499952715e-01,9.808121428228870620e-02,2.986473834607747055e-02
1.535108807727211637e-02,4.028314832122982803e-01,-5.675981100648644362e-02,5.079062180593609810e-01,5.959433348485761173e-03,2.112492104060947340e-01
-7.894440214245897897e-03,2.775827416362340871e-01,-3.158322256058462840e-02,4.402137454599140964e-01,1.532635115587907895e-02,1.667798890266567191e-01

Feature: zero_crossing_rate
3.076171875000000000e-02
4.394531250000000000e-02
5.810546875000000000e-02
5.664062500000000000e-02
5.615234375000000000e-02
5.615234375000000000e-02
5.468750000000000000e-02
5.126953125000000000e-02
5.078125000000000000e-02
5.029296875000000000e-02
4.980468750000000000e-02
4.980468750000000000e-02
5.029296875000000000e-02
4.931640625000000000e-02
4.882812500000000000e-02
4.003906250000000000e-02
2.734375000000000000e-02

