Feature: chroma_stft
2.895525395870208740e-01,6.844339966773986816e-01,3.177915215492248535e-01,2.222129255533218384e-01,1.728034764528274536e-01,2.541093342006206512e-02,2.420420385897159576e-02,1.007608324289321899e-01,6.441156268119812012e-01,1.000000000000000000e+00,3.670156598091125488e-01,1.922236382961273193e-01
2.183741629123687744e-01,3.567338585853576660e-01,1.725911498069763184e-01,1.866980493068695068e-01,1.686027795076370239e-01,2.713148482143878937e-02,1.510305609554052353e-02,6.350962072610855103e-02,3.818824887275695801e-01,1.000000000000000000e+00,8.629212975502014160e-01,2.613081336021423340e-01
1.725342571735382080e-01,1.504276692867279053e-01,1.982628256082534790e-01,2.469790726900100708e-01,1.485385745763778687e-01,3.675670176744461060e-02,1.770630292594432831e-02,4.406811669468879700e-02,1.056107655167579651e-01,4.346402585506439209e-01,1.000000000000000000e+00,3.661706745624542236e-01
1.798681020736694336e-01,1.240765973925590515e-01,2.875240147113800049e-01,2.403235882520675659e-01,1.083954572677612305e-01,6.265051662921905518e-02,2.563304454088211060e-02,3.796404600143432617e-02,1.205396652221679688e-01,3.080465197563171387e-01,1.000000000000000000e+00,5.853573679924011230e-01
1.314350962638854980e-01,1.038561910390853882e-01,2.487904429435729980e-01,2.098234295845031738e-01,6.376920640468597412e-02,4.669732600450515747e-02,2.769741602241992950e-02,1.519078947603702545e-02,8.213903754949569702e-02,1.957908123731613159e-01,1.000000000000000000e+00,8.549371361732482910e-01
9.233624488115310669e-02,4.655834659934043884e-02,1.218634024262428284e-01,1.304126530885696411e-01,2.732326276600360870e-02,3.019437007606029510e-02,3.857025504112243652e-02,7.164661306887865067e-03,2.560099400579929352e-02,7.214545458555221558e-02,7.631258368492126465e-01,1.000000000000000000e+00
7.835736870765686035e-02,1.939048990607261658e-02,1.093171611428260803e-01,1.556242555379867554e-01,1.261346787214279175e-02,1.617052778601646423e-02,3.025580756366252899e-02,4.007372073829174042e-03,1.746163889765739441e-02,5.660951882600784302e-02,6.692488193511962891e-01,1.000000000000000000e+00
1.084626242518424988e-01,2.460757270455360413e-02,1.529221832752227783e-01,2.555155158042907715e-01,1.370970532298088074e-02,1.254702173173427582e-02,2.983483672142028809e-02,3.770310431718826294e-03,1.438193954527378082e-02,5.546763539314270020e-02,4.667193591594696045e-01,1.000000000000000000e+00
1.529968827962875366e-01,3.973114117980003357e-02,1.322704553604125977e-01,2.234514057636260986e-01,1.538195274770259857e-02,1.578290201723575592e-02,5.146847292780876160e-02,7.314331829547882080e-03,2.594579756259918213e-02,5.781112238764762878e-02,3.517669737339019775e-01,1.000000000000000000e+00
1.998241096735000610e-01,5.557518452405929565e-02,8.222050219774246216e-02,1.274211406707763672e-01,1.356066204607486725e-02,2.167364582419395447e-02,8.712098002433776855e-02,1.330397836863994598e-02,4.641823098063468933e-02,1.062777191400527954e-01,3.055071532726287842e-01,1.000000000000000000e+00
2.494569420814514160e-01,7.016339153051376343e-02,1.479188054800033569e-01,2.793047428131103516e-01,3.037850931286811829e-02,2.320353873074054718e-02,1.143761500716209412e-01,2.022593654692173004e-02,3.322784602642059326e-02,1.128977686166763306e-01,2.493069022893905640e-01,1.000000000000000000e+00
2.687751054763793945e-01,1.024552211165428162e-01,1.348225921392440796e-01,3.376947641372680664e-01,3.572528064250946045e-02,2.708640694618225098e-02,1.859918534755706787e-01,3.299426287412643433e-02,2.454816550016403198e-02,8.021503686904907227e-02,2.193277478218078613e-01,1.000000000000000000e+00
1.969114691019058228e-01,7.942482084035873413e-02,1.043613702058792114e-01,3.527824282646179199e-01,3.189071267843246460e-02,1.422103680670261383e-02,9.329254180192947388e-02,1.563907600939273834e-02,1.726765558123588562e-02,4.036851599812507629e-02,2.612509429454803467e-01,1.000000000000000000e+00
2.267795354127883911e-01,8.067340403795242310e-02,9.906972944736480713e-02,2.908692061901092529e-01,2.404102683067321777e-02,1.641549356281757355e-02,8.210779726505279541e-02,1.148475427180528641e-02,4.839476570487022400e-02,8.745367079973220825e-02,1.989912092685699463e-01,1.000000000000000000e+00
3.074994385242462158e-01,7.417611032724380493e-02,9.724504500627517700e-02,1.468742638826370239e-01,1.186344679445028305e-02,2.451670914888381958e-02,8.338730037212371826e-02,1.315461844205856323e-02,6.005832552909851074e-02,1.023024469614028931e-01,2.261698544025421143e-01,1.000000000000000000e+00
3.774282932281494141e-01,1.199923679232597351e-01,1.209261789917945862e-01,1.693365126848220825e-01,1.527475006878376007e-02,2.597595751285552979e-02,4.991001635789871216e-02,1.479240320622920990e-02,4.307081550359725952e-02,9.010216593742370605e-02,3.913218080997467041e-01,1.000000000000000000e+00

Feature: chroma_cqt
4.345079958438873291e-01,5.513153672218322754e-01,2.940200269222259521e-01,4.791682064533233643e-01,2.440638393163681030e-01,1.672181487083435059e-01,1.859427988529205322e-01,3.890501558780670166e-01,1.000000000000000000e+00,9.078981280326843262e-01,4.259216487407684326e-01,2.926453053951263428e-01
3.570325970649719238e-01,4.346973001956939697e-01,2.256285846233367920e-01,4.031992554664611816e-01,2.004600465297698975e-01,1.322994828224182129e-01,1.240884289145469666e-01,2.822635769844055176e-01,6.937956809997558594e-01,1.000000000000000000e+00,6.639886498451232910e-01,3.197073340415954590e-01
2.501060962677001953e-01,2.463360577821731567e-01,2.605894505977630615e-01,4.262995421886444092e-01,1.627160459756851196e-01,1.030175313353538513e-01,1.614275872707366943e-01,2.793060243129730225e-01,4.652234613895416260e-01,8.359591960906982422e-01,1.000000000000000000e+00,1.887691766023635864e-01
2.341219335794448853e-01,1.776477992534637451e-01,3.116832971572875977e-01,2.553630769252777100e-01,1.878243982791900635e-01,1.672930717468261719e-01,7.649659365415573120e-02,2.256162166595458984e-01,3.785746693611145020e-01,4.636764228343963623e-01,1.000000000000000000e+00,2.380534857511520386e-01
1.919774562120437622e-01,1.585446447134017944e-01,2.517452836036682129e-01,2.425090521574020386e-01,1.141622439026832581e-01,1.392865777015686035e-01,6.243362277746200562e-02,1.418909132480621338e-01,2.316843569278717041e-01,3.300323784351348877e-01,1.000000000000000000e+00,2.946251928806304932e-01
1.384322643280029297e-01,1.190271452069282532e-01,1.856357753276824951e-01,1.830562204122543335e-01,5.767558142542839050e-02,1.240875199437141418e-01,6.818217784166336060e-02,1.070779263973236084e-01,1.878889203071594238e-01,3.231529891490936279e-01,1.000000000000000000e+00,3.538543879985809326e-01
9.155151247978210449e-02,8.232790231704711914e-02,2.589778602123260498e-01,1.616504937410354614e-01,3.945516049861907959e-02,1.101038604974746704e-01,7.729533314704895020e-02,8.077961206436157227e-02,1.499123573303222656e-01,2.129216194152832031e-01,1.000000000000000000e+00,4.205830693244934082e-01
8.653992414474487305e-02,1.007031276822090149e-01,2.531569004058837891e-01,1.315850913524627686e-01,6.224205717444419861e-02,1.191324517130851746e-01,8.109113574028015137e-02,6.863365322351455688e-02,1.038641184568405151e-01,2.511122524738311768e-01,1.000000000000000000e+00,6.402046680450439453e-01
1.494816243648529053e-01,1.596375107765197754e-01,2.077030539512634277e-01,1.551765799522399902e-01,9.262419492006301880e-02,1.096886694431304932e-01,1.541695147752761841e-01,9.555733203887939453e-02,2.097164988517761230e-01,2.258383333683013916e-01,9.586804509162902832e-01,1.000000000000000000e+00
1.964809298515319824e-01,1.144856363534927368e-01,1.992522180080413818e-01,1.601382195949554443e-01,8.257072418928146362e-02,1.736007928848266602e-01,2.150362432003021240e-01,8.786133676767349243e-02,2.686206400394439697e-01,2.958254218101501465e-01,7.291097640991210938e-01,1.000000000000000000e+00
1.892096400260925293e-01,1.222543939948081970e-01,2.132540196180343628e-01,2.362025380134582520e-01,7.799984514713287354e-02,9.819742292165756226e-02,1.861551105976104736e-01,8.158433437347412109e-02,1.667518615722656250e-01,3.467877209186553955e-01,4.753371477127075195e-01,1.000000000000000000e+00
1.137385740876197815e-01,6.932136416435241699e-02,1.656925082206726074e-01,1.680486053228378296e-01,6.001199781894683838e-02,1.174582913517951965e-01,2.717434763908386230e-01,6.634549796581268311e-02,1.416746526956558228e-01,2.440464049577713013e-01,4.646273255348205566e-01,1.000000000000000000e+00
1.319680958986282349e-01,7.016574591398239136e-02,2.428006380796432495e-01,2.746095657348632812e-01,6.509203463792800903e-02,1.000629141926765442e-01,2.116056084632873535e-01,6.839983165264129639e-02,1.240417361259460449e-01,1.227672994136810303e-01,6.239353418350219727e-01,1.000000000000000000e+00
1.146429181098937988e-01,5.490899458527565002e-02,2.061609476804733276e-01,1.603066325187683105e-01,6.069037690758705139e-02,9.894400089979171753e-02,1.627371311187744141e-01,5.536904558539390564e-02,1.651128083467483521e-01,1.125892028212547302e-01,4.955740869045257568e-01,1.000000000000000000e+00
1.231013983488082886e-01,8.667072653770446777e-02,1.886024922132492065e-01,1.267668306827545166e-01,7.792633026838302612e-02,1.599007844924926758e-01,1.580210924148559570e-01,9.385351836681365967e-02,1.382864713668823242e-01,1.493362635374069214e-01,5.285037159919738770e-01,1.000000000000000000e+00
2.446345388889312744e-01,1.669370234012603760e-01,3.055631518363952637e-01,1.886123120784759521e-01,1.082928180694580078e-01,1.975594907999038696e-01,2.025204002857208252e-01,1.372730880975723267e-01,2.082278877496719360e-01,2.522526383399963379e-01,7.204012870788574219e-01,1.000000000000000000e+00

Feature: chroma_cens
1.434861421585083008e-01,1.135609000921249390e-01,2.256637215614318848e-01,1.954560577869415283e-01,2.209432423114776611e-02,1.018738467246294022e-02,6.405447423458099365e-02,9.118413925170898438e-02,2.969275712966918945e-01,4.005257785320281982e-01,6.359223723411560059e-01,4.597769677639007568e-01
1.397845745086669922e-01,1.067413687705993652e-01,2.273514419794082642e-01,1.935630738735198975e-01,2.115442976355552673e-02,1.227418612688779831e-02,7.031382620334625244e-02,8.581785112619400024e-02,2.887417376041412354e-01,3.915635943412780762e-01,6.367608904838562012e-01,4.741793572902679443e-01
1.362800747156143188e-01,1.003162488341331482e-01,2.288541048765182495e-01,1.917509883642196655e-01,2.024362422525882721e-02,1.437366846948862076e-02,7.633992284536361694e-02,8.074966818094253540e-02,2.809106409549713135e-01,3.828854560852050781e-01,6.371067166328430176e-01,4.876884222030639648e-01
1.329422444105148315e-01,9.422639012336730957e-02,2.301976680755615234e-01,1.900059729814529419e-01,1.935792900621891022e-02,1.648084633052349091e-02,8.216308802366256714e-02,7.593508064746856689e-02,2.733810842037200928e-01,3.744497597217559814e-01,6.370333433151245117e-01,5.004297494888305664e-01
1.297433674335479736e-01,8.841788768768310547e-02,2.314040809869766235e-01,1.883154660463333130e-01,1.849278248846530914e-02,1.859663799405097961e-02,8.781707286834716797e-02,7.133308053016662598e-02,2.661011219024658203e-01,3.662111759185791016e-01,6.365947127342224121e-01,5.125203132629394531e-01
1.266582012176513672e-01,8.284206688404083252e-02,2.324916571378707886e-01,1.866679191589355469e-01,1.764334365725517273e-02,2.072599530220031738e-02,9.333683550357818604e-02,6.690627336502075195e-02,2.590209543704986572e-01,3.581228256225585938e-01,6.358292102813720703e-01,5.240667462348937988e-01
1.236638203263282776e-01,7.745508104562759399e-02,2.334754168987274170e-01,1.850526630878448486e-01,1.680464856326580048e-02,2.287681400775909424e-02,9.875752776861190796e-02,6.262065470218658447e-02,2.520933449268341064e-01,3.501375317573547363e-01,6.347621679306030273e-01,5.351655483245849609e-01
1.207393705844879150e-01,7.221738994121551514e-02,2.343675792217254639e-01,1.834598481655120850e-01,1.597166433930397034e-02,2.505929954349994659e-02,1.041141524910926819e-01,5.844533070921897888e-02,2.452732622623443604e-01,3.422079682350158691e-01,6.334080696105957031e-01,5.459040403366088867e-01
1.178658306598663330e-01,6.709329783916473389e-02,2.351777851581573486e-01,1.818803399801254272e-01,1.513931620866060257e-02,2.728568017482757568e-02,1.094414293766021729e-01,5.435211956501007080e-02,2.385179102420806885e-01,3.342868983745574951e-01,6.317717432975769043e-01,5.563611984252929688e-01
1.150258332490921021e-01,6.205055490136146545e-02,2.359134703874588013e-01,1.803056150674819946e-01,1.430245954543352127e-02,2.957013063132762909e-02,1.147741302847862244e-01,5.031530559062957764e-02,2.317863553762435913e-01,3.263269662857055664e-01,6.298490166664123535e-01,5.666090846061706543e-01
1.122036501765251160e-01,5.706015229225158691e-02,2.365799993276596069e-01,1.787279397249221802e-01,1.345586497336626053e-02,3.192888572812080383e-02,1.201473623514175415e-01,4.631142690777778625e-02,2.250393778085708618e-01,3.182807266712188721e-01,6.276277303695678711e-01,5.767132043838500977e-01
1.093852221965789795e-01,5.209635198116302490e-02,2.371809035539627075e-01,1.771403998136520386e-01,1.259417925029993057e-02,3.438051044940948486e-02,1.255968511104583740e-01,4.231935739517211914e-02,2.182395011186599731e-01,3.101004064083099365e-01,6.250871419906616211e-01,5.867337584495544434e-01
1.065585389733314514e-01,4.713718593120574951e-02,2.377178817987442017e-01,1.755373477935791016e-01,1.171192899346351624e-02,3.694623336195945740e-02,1.311593353748321533e-01,3.832058608531951904e-02,2.113515585660934448e-01,3.017383813858032227e-01,6.221978664398193359e-01,5.967252850532531738e-01
1.037143543362617493e-01,4.216539859771728516e-02,2.381908446550369263e-01,1.739148944616317749e-01,1.080354675650596619e-02,3.965046629309654236e-02,1.368727385997772217e-01,3.429995477199554443e-02,2.043435573577880859e-01,2.931479215621948242e-01,6.189214587211608887e-01,6.067361831665039062e-01
1.008473411202430725e-01,3.717037290334701538e-02,2.385978847742080688e-01,1.722719669342041016e-01,9.863472543656826019e-03,4.252134636044502258e-02,1.427760273218154907e-01,3.024706244468688965e-02,1.971889883279800415e-01,2.842850983142852783e-01,6.152096986770629883e-01,6.168078184127807617e-01
9.795833379030227661e-02,3.215134516358375549e-02,2.389353662729263306e-01,1.706121116876602173e-01,8.886402472853660583e-03,4.559139534831047058e-02,1.489087045192718506e-01,2.615870907902717590e-02,1.898704618215560913e-01,2.751123607158660889e-01,6.110039949417114258e-01,6.269710659980773926e-01

Feature: melspectrogram
4.904928617179393768e-03,2.288340590894222260e-02,1.793058067560195923e-01,1.329509764909744263e-01,6.967104040086269379e-03,5.096940323710441589e-03,6.515545304864645004e-03,7.752681616693735123e-03,4.221668466925621033e-02,5.594664812088012695e-02,1.927974820137023926e-02,2.310636267066001892e-02,3.526089340448379517e-02,9.858870506286621094e-02,3.049805641174316406e+00,2.560317993164062500e+01,1.906145095825195312e+01,2.451843500137329102e+00,1.016743063926696777e+00,4.039074420928955078e+00,1.479372692108154297e+01,7.186011314392089844e+00,1.892890095710754395e+00,4.758902072906494141e+00,2.207025289535522461e+00,1.643889844417572021e-01,8.272130787372589111e-02,5.465036258101463318e-02,1.652086675167083740e-01,6.175394058227539062e-01,5.849801898002624512e-01,3.846258223056793213e-01,8.419990539550781250e-01,1.106795668601989746e+00,9.295036792755126953e-01,7.925483584403991699e-02,1.339344959706068039e-02,3.338531032204627991e-02,2.743639424443244934e-02,9.273903444409370422e-03,4.895228426903486252e-03,3.765660105273127556e-03,7.492253556847572327e-03,2.829534467309713364e-03,3.309641964733600616e-03,2.741965465247631073e-02,5.799583345651626587e-02,4.279028996825218201e-02,4.182080179452896118e-02,1.103592291474342346e-02,2.561345510184764862e-02,3.784185741096735001e-03,2.482345094904303551e-03,1.026344671845436096e-02,5.891132634133100510e-03,2.990287914872169495e-02,1.907398402690887451e-01,2.454653531312942505e-01,2.602494060993194580e-01,3.011881560087203979e-02,1.630358397960662842e-02,7.293654605746269226e-03,8.225830271840095520e-03,4.492880776524543762e-03,2.885412238538265228e-02,9.879558533430099487e-02,1.641799956560134888e-01,2.429908961057662964e-01,2.024570703506469727e-01,4.795502126216888428e-02,1.914422512054443359e-01,2.692399621009826660e-01,3.789698183536529541e-01,3.656284511089324951e-01,1.432990580797195435e-01,4.587710276246070862e-02,2.900996990501880646e-02,7.780452072620391846e-02,8.511745929718017578e-02,8.136579394340515137e-02,5.118650570511817932e-02,9.563259780406951904e-02,6.006964668631553650e-02,1.906033158302307129e-01,3.019535541534423828e-01,7.677373886108398438e-01,7.548556327819824219e-01,7.482327222824096680e-01,9.407836794853210449e-01,5.868236422538757324e-01,5.404264330863952637e-01,6.284627914428710938e-01,8.384610414505004883e-01,6.737907528877258301e-01,2.875126898288726807e-01,1.703469157218933105e-01,6.734167039394378662e-02,7.784303277730941772e-03,1.640272443182766438e-03,1.799033489078283310e-03,1.189967268146574497e-03,1.163419568911194801e-03,2.295318292453885078e-03,5.569424945861101151e-03,2.200189977884292603e-03,1.026172656565904617e-03,5.693196435458958149e-04,4.274647799320518970e-04,3.299512900412082672e-04,3.471644595265388489e-04,3.640565555542707443e-04,2.693730348255485296e-04,2.926785091403871775e-04,1.304600882576778531e-04,2.212475374108180404e-04,1.866225211415439844e-04,3.628976119216531515e-04,2.944974694401025772e-04,3.493854310363531113e-04,7.908038096502423286e-04,2.367038512602448463e-03,2.682196442037820816e-03,1.553242327645421028e-03,3.316656802780926228e-04,7.876828021835535765e-05,1.758999569574370980e-04,1.013008877635002136e-04,1.430827978765591979e-05
5.283335689455270767e-03,3.163626790046691895e-02,2.441989034414291382e-01,2.609864175319671631e-01,1.312029268592596054e-02,9.173881262540817261e-03,6.423227023333311081e-03,2.104287222027778625e-02,3.577576577663421631e-02,7.345938682556152344e-02,1.128841005265712738e-02,9.889588691294193268e-03,1.233777590095996857e-02,6.436606496572494507e-02,4.591698646545410156e+00,4.457380294799804688e+01,7.314207458496093750e+01,3.433027648925781250e+01,2.948596954345703125e+00,8.344173431396484375e+00,1.684114837646484375e+01,7.632240772247314453e+00,3.275461435317993164e+00,1.360153484344482422e+01,7.070668697357177734e+00,5.204477310180664062e-01,1.761793792247772217e-01,1.777214705944061279e-01,1.764060109853744507e-01,1.186336994171142578e+00,1.543808341026306152e+00,2.127938508987426758e+00,2.197230577468872070e+00,5.040930271148681641e+00,9.487543106079101562e+00,8.788484334945678711e-01,9.322951734066009521e-02,2.599898539483547211e-02,2.506761252880096436e-02,8.746268227696418762e-03,8.961590938270092010e-03,1.706266775727272034e-02,3.868512064218521118e-02,1.498215924948453903e-02,4.326572641730308533e-03,3.813189268112182617e-02,1.388585567474365234e-01,5.683252960443496704e-02,1.269124597311019897e-01,1.005866453051567078e-01,6.570113450288772583e-02,6.558137480169534683e-03,1.808851724490523338e-03,8.827898651361465454e-03,3.746727481484413147e-03,7.937520742416381836e-02,3.060672283172607422e-01,1.811872869729995728e-01,4.239516854286193848e-01,9.765724837779998779e-02,1.963924020528793335e-01,2.292602360248565674e-01,2.465815097093582153e-02,2.103463374078273773e-02,1.054260283708572388e-01,1.355334520339965820e-01,3.655539453029632568e-01,2.093457460403442383e+00,1.709097146987915039e+00,4.800377488136291504e-01,3.252193331718444824e-01,8.602138161659240723e-01,8.527347445487976074e-01,7.162311673164367676e-01,2.877410948276519775e-01,3.214376568794250488e-01,1.809798032045364380e-01,1.197012066841125488e-01,1.626623272895812988e-01,1.926084905862808228e-01,2.523945868015289307e-01,3.545906841754913330e-01,1.323115378618240356e-01,2.968614399433135986e-01,6.882005929946899414e-01,5.027657985687255859e+00,3.254656314849853516e+00,2.195974111557006836e+00,1.759494423866271973e+00,2.322350978851318359e+00,2.870661258697509766e+00,8.838709592819213867e-01,1.452335715293884277e+00,1.532303452491760254e+00,7.187541723251342773e-01,4.192948043346405029e-01,1.646344810724258423e-01,1.083388272672891617e-02,3.018599702045321465e-03,1.868067076429724693e-03,2.489235950633883476e-03,1.428877818398177624e-03,3.816584823653101921e-03,1.080146525055170059e-02,5.559938959777355194e-03,1.391094061546027660e-03,1.280120457522571087e-03,5.954284570179879665e-04,2.156526606995612383e-04,2.758330956567078829e-04,3.178680199198424816e-04,2.088365872623398900e-04,3.319112875033169985e-04,1.431522105121985078e-04,1.869996922323480248e-04,2.547929179854691029e-04,3.734561032615602016e-04,2.933616051450371742e-04,2.678360615391284227e-04,1.060679438523948193e-03,2.713116351515054703e-03,3.509832313284277916e-03,2.421994460746645927e-03,5.450714379549026489e-04,1.905326207634061575e-04,5.811373703181743622e-04,4.677919205278158188e-04,3.005252438015304506e-05
5.298660602420568466e-03,1.257690973579883575e-02,6.956447660923004150e-02,1.086315959692001343e-01,8.955688215792179108e-03,1.517601683735847473e-02,9.199573658406734467e-03,1.187109947204589844e-02,7.717311382293701172e-03,3.394247218966484070e-02,9.489072486758232117e-03,8.855496533215045929e-03,5.168941803276538849e-03,1.356685161590576172e-01,2.021136999130249023e+00,7.995922088623046875e+00,3.669192123413085938e+01,6.694643402099609375e+01,4.278441905975341797e+00,5.767432689666748047e+00,4.492765426635742188e+00,5.540101051330566406e+00,8.193241119384765625e+00,2.413287162780761719e+01,6.598095417022705078e+00,3.116527795791625977e-01,1.425727605819702148e-01,2.270707786083221436e-01,6.213573217391967773e-01,1.419059514999389648e+00,1.706307053565979004e+00,2.262989044189453125e+00,6.484974861145019531e+00,1.189422893524169922e+01,2.047804260253906250e+01,1.216301345825195312e+01,2.456631422042846680e+00,2.912168577313423157e-02,9.737651795148849487e-03,5.197554361075162888e-03,5.216468125581741333e-03,7.617801893502473831e-03,2.061874791979789734e-02,8.909056894481182098e-03,4.886324517428874969e-03,1.677659526467323303e-02,1.002419814467430115e-01,8.759878575801849365e-02,2.185440212488174438e-01,1.200437098741531372e-01,9.685762226581573486e-02,8.410348743200302124e-02,1.861298806034028530e-03,3.971877973526716232e-03,8.661706931889057159e-03,6.404278427362442017e-02,1.887259930372238159e-01,2.138397544622421265e-01,4.449948966503143311e-01,1.803673952817916870e-01,3.415336608886718750e-01,1.027243614196777344e+00,2.769677042961120605e-01,1.992261968553066254e-02,9.100147336721420288e-02,1.300711035728454590e-01,3.283260762691497803e-01,1.848525762557983398e+00,1.429637670516967773e+00,3.988670825958251953e+00,3.584457397460937500e+00,5.329124927520751953e-01,7.453854680061340332e-01,8.103977441787719727e-01,7.734603881835937500e-01,9.308918118476867676e-01,8.577629327774047852e-01,1.296524554491043091e-01,1.709070503711700439e-01,3.728826642036437988e-01,2.789213955402374268e-01,6.915245652198791504e-01,3.984623253345489502e-01,3.871291577816009521e-01,1.045032620429992676e+00,4.164211273193359375e+00,5.289925098419189453e+00,6.377822399139404297e+00,2.586151599884033203e+00,2.395943164825439453e+00,4.320220470428466797e+00,2.506390571594238281e+00,1.475063800811767578e+00,1.049939393997192383e+00,1.025978326797485352e+00,8.015101552009582520e-01,3.161592185497283936e-01,2.600978128612041473e-02,6.914673373103141785e-03,3.335974412038922310e-03,2.343579661101102829e-03,2.227084245532751083e-03,3.694719402119517326e-03,1.058537885546684265e-02,6.343051325529813766e-03,1.517066499218344688e-03,1.798040582798421383e-03,1.072510378435254097e-03,3.837166295852512121e-04,4.706646432168781757e-04,5.290092667564749718e-04,2.911516639869660139e-04,2.810965233948081732e-04,1.683276350377127528e-04,2.133806847268715501e-04,2.373033057665452361e-04,1.650336489547044039e-04,1.936977059813216329e-04,2.361842343816533685e-04,8.710384718142449856e-04,3.440956352278590202e-03,5.548502784222364426e-03,2.880321117118000984e-03,4.921581712551414967e-04,3.830755304079502821e-04,9.337383089587092400e-04,6.612749421037733555e-04,3.518896119203418493e-05
6.520464085042476654e-03,1.800706610083580017e-02,2.715102769434452057e-02,2.840317040681838989e-02,4.578163847327232361e-03,1.413790043443441391e-02,7.582587655633687973e-03,6.696274504065513611e-03,2.203004201874136925e-03,7.169563323259353638e-03,1.186724286526441574e-02,1.396498549729585648e-02,4.791943822056055069e-03,1.486214399337768555e-01,4.105234622955322266e+00,1.001465606689453125e+01,2.728607749938964844e+01,4.808080673217773438e+01,2.607575178146362305e+00,4.894287109375000000e+00,4.357859611511230469e+00,4.211485385894775391e+00,7.191876411437988281e+00,1.653979682922363281e+01,4.345324039459228516e+00,4.375995397567749023e-01,2.021489441394805908e-01,8.267785608768463135e-02,2.370335012674331665e-01,5.148661732673645020e-01,2.363725304603576660e-01,1.593276500701904297e+00,9.782451629638671875e+00,9.611969947814941406e+00,9.469607353210449219e+00,3.538148880004882812e+01,1.299623489379882812e+01,1.057343930006027222e-01,9.741037152707576752e-03,1.037445571273565292e-02,4.852200858294963837e-03,4.315510857850313187e-03,1.215466018766164780e-02,3.784050233662128448e-03,1.337251812219619751e-02,1.156404055655002594e-02,3.756029903888702393e-02,5.139669403433799744e-02,2.236864864826202393e-01,4.989796280860900879e-01,1.133836269378662109e+00,7.879235148429870605e-01,1.097356434911489487e-02,3.878527553752064705e-03,1.399348396807909012e-02,1.916766352951526642e-02,7.648462802171707153e-02,8.312083035707473755e-02,1.360353082418441772e-01,1.543906778097152710e-01,1.562288403511047363e-01,3.298847675323486328e+00,2.332630872726440430e+00,6.402194499969482422e-03,3.321734070777893066e-02,1.308849453926086426e-01,4.474280774593353271e-01,7.048298716545104980e-01,1.028186559677124023e+00,5.824763774871826172e+00,1.199429416656494141e+01,2.175524532794952393e-01,5.589148402214050293e-01,8.037568926811218262e-01,1.119398832321166992e+00,1.137636661529541016e+00,1.578217983245849609e+00,2.535385191440582275e-01,1.334484517574310303e-01,2.453693002462387085e-01,1.983007490634918213e-01,7.926862239837646484e-01,1.094841122627258301e+00,5.797357559204101562e-01,8.548887968063354492e-01,1.556859612464904785e+00,3.145452499389648438e+00,1.309008884429931641e+01,1.064211082458496094e+01,1.738237380981445312e+00,4.850588321685791016e+00,3.473217487335205078e+00,1.622150659561157227e+00,9.690216779708862305e-01,1.055495500564575195e+00,1.323607802391052246e+00,1.149475097656250000e+00,6.053113192319869995e-02,1.070446148514747620e-02,4.118506796658039093e-03,2.655722666531801224e-03,2.933211391791701317e-03,1.410723570734262466e-02,2.716375701129436493e-02,3.735988168045878410e-03,2.040842548012733459e-03,2.124595455825328827e-03,1.654728781431913376e-03,8.181517478078603745e-04,8.532125502824783325e-04,6.347880698740482330e-04,9.188493713736534119e-04,6.025068578310310841e-04,3.257637436036020517e-04,4.028631665278226137e-04,4.247616452630609274e-04,3.102960472460836172e-04,2.725750673562288284e-04,5.364895332604646683e-04,9.750814060680568218e-04,8.709435351192951202e-03,6.615509744733572006e-03,3.434851998463273048e-03,6.990258116275072098e-04,5.081398994661867619e-04,8.863767725415527821e-04,7.559080841019749641e-04,3.157814717269502580e-05
3.361569484695792198e-03,1.491355430334806442e-02,2.360842749476432800e-02,1.879911683499813080e-02,6.074512377381324768e-03,4.028399940580129623e-03,3.202999476343393326e-03,1.764510571956634521e-02,1.376162469387054443e-02,2.106291241943836212e-02,1.923895813524723053e-02,1.449034735560417175e-02,8.271282538771629333e-03,8.655450493097305298e-02,2.505209922790527344e+00,1.429342365264892578e+01,3.099278259277343750e+01,1.437080078125000000e+02,3.605161666870117188e+01,8.907881736755371094e+00,5.191063404083251953e+00,3.571403264999389648e+00,4.321815490722656250e+00,1.478109550476074219e+01,3.251041173934936523e+00,4.524696469306945801e-01,1.588511317968368530e-01,1.430590301752090454e-01,1.044050380587577820e-01,2.683917880058288574e-01,3.416649699211120605e-01,9.171946644783020020e-01,4.956143379211425781e+00,6.636332988739013672e+00,3.448329448699951172e+00,2.014417076110839844e+01,2.320138168334960938e+01,7.512457370758056641e-01,8.214625529944896698e-03,2.715808572247624397e-03,2.262569032609462738e-03,2.484092256054282188e-03,1.179290749132633209e-02,3.104050643742084503e-03,1.433812920004129410e-02,5.808334331959486008e-03,2.389894053339958191e-02,3.849687054753303528e-02,5.362057685852050781e-02,4.127738773822784424e-01,2.084345340728759766e+00,2.277716159820556641e+00,4.492361843585968018e-02,1.907258178107440472e-03,8.269826881587505341e-03,9.770896285772323608e-03,1.784637942910194397e-02,6.384036689996719360e-02,6.827592104673385620e-02,1.759884655475616455e-01,1.221618056297302246e-01,4.450976371765136719e+00,4.727449417114257812e+00,6.865561008453369141e-03,2.582146786153316498e-02,1.274263113737106323e-01,2.341001331806182861e-01,3.697058558464050293e-01,1.339596390724182129e+00,4.534616470336914062e+00,2.013625717163085938e+01,8.760676980018615723e-01,7.687774896621704102e-01,5.304386019706726074e-01,1.121763706207275391e+00,6.616141200065612793e-01,1.323490262031555176e+00,4.678023457527160645e-01,1.020158678293228149e-01,7.561881840229034424e-02,1.037108898162841797e-01,3.152952492237091064e-01,1.188924431800842285e+00,7.087484598159790039e-01,2.916892766952514648e-01,9.989251494407653809e-01,1.887484312057495117e+00,1.675726127624511719e+01,1.717297554016113281e+01,1.022029757499694824e+00,1.855579137802124023e+00,2.076912403106689453e+00,2.241521358489990234e+00,1.490570664405822754e+00,1.335221648216247559e+00,1.443910121917724609e+00,2.255273342132568359e+00,1.576996892690658569e-01,4.856949206441640854e-03,2.469768980517983437e-03,3.971111960709095001e-03,3.167813643813133240e-03,2.215111628174781799e-02,5.061347410082817078e-02,4.095685202628374100e-03,2.819794928655028343e-03,2.648353809490799904e-03,1.811034744605422020e-03,7.964575197547674179e-04,8.656203281134366989e-04,4.827931115869432688e-04,2.065401058644056320e-03,8.221972966566681862e-04,3.985087387263774872e-04,3.298772498965263367e-04,3.628816339187324047e-04,2.997351984959095716e-04,3.652453015092760324e-04,6.872525555081665516e-04,1.300624106079339981e-03,1.695957221090793610e-02,6.520170718431472778e-03,3.630239982157945633e-03,1.012168126180768013e-03,6.505473284050822258e-04,1.160726416856050491e-03,1.022719545289874077e-03,2.279171530972234905e-05
1.907674828544259071e-03,6.197116803377866745e-03,2.716789767146110535e-02,2.841699682176113129e-02,8.711921982467174530e-03,1.518590189516544342e-02,7.001208141446113586e-03,1.615807972848415375e-02,1.182851102203130722e-02,1.935360766947269440e-02,5.624925717711448669e-03,6.286081392318010330e-03,6.805445998907089233e-03,1.027109101414680481e-01,1.912887930870056152e+00,3.812345981597900391e+00,2.020804214477539062e+01,3.860354614257812500e+02,1.692412109375000000e+02,6.493865013122558594e+00,3.521347522735595703e+00,2.855806350708007812e+00,3.515061616897583008e+00,1.211336326599121094e+01,2.843562602996826172e+00,9.045791625976562500e-02,6.667532026767730713e-02,9.211390465497970581e-02,6.131538748741149902e-02,7.597351074218750000e-02,3.519083857536315918e-01,8.394013643264770508e-01,3.939209938049316406e+00,3.793941736221313477e+00,1.419031977653503418e+00,6.370473384857177734e+00,3.036595916748046875e+01,3.475447654724121094e+00,6.456865463405847549e-03,2.965097082778811455e-03,3.210930619388818741e-03,5.969975609332323074e-04,6.936562713235616684e-03,2.730798674747347832e-03,4.102922044694423676e-03,7.360454183071851730e-03,9.859405457973480225e-03,2.674705535173416138e-02,3.872065991163253784e-02,1.264439374208450317e-01,1.840108275413513184e+00,7.866333007812500000e+00,4.213613569736480713e-01,2.715480281040072441e-03,7.729954551905393600e-03,6.703428458422422409e-03,1.020142342895269394e-02,5.024112015962600708e-02,7.432289421558380127e-02,7.120367884635925293e-02,1.004040092229843140e-01,2.168992996215820312e+00,2.696702718734741211e+00,1.312234438955783844e-02,2.623950690031051636e-02,5.181935057044029236e-02,9.615200012922286987e-02,1.756681352853775024e-01,9.233585596084594727e-01,4.151884078979492188e+00,1.981123924255371094e+01,7.002635478973388672e+00,2.909305989742279053e-01,4.188424050807952881e-01,5.325975418090820312e-01,7.178279161453247070e-01,1.079179048538208008e+00,2.195651054382324219e+00,3.056970834732055664e-01,3.112587332725524902e-02,7.913558185100555420e-02,1.825159490108489990e-01,1.334229588508605957e+00,1.309187054634094238e+00,3.407208919525146484e-01,9.093077778816223145e-01,1.368979454040527344e+00,7.512516498565673828e+00,9.827016830444335938e+00,8.339558839797973633e-01,9.983306527137756348e-01,1.851962924003601074e+00,3.230388402938842773e+00,1.460641145706176758e+00,6.811174154281616211e-01,1.510026693344116211e+00,2.496312379837036133e+00,3.623569607734680176e-01,3.720913315191864967e-03,2.805464901030063629e-03,3.527640365064144135e-03,2.604236593469977379e-03,1.230908371508121490e-02,5.141829699277877808e-02,8.074075914919376373e-03,1.778577803634107113e-03,1.217809156514704227e-03,1.128621166571974754e-03,6.462673190981149673e-04,3.325286088511347771e-04,3.000925062224268913e-04,1.478226622566580772e-03,5.921254050917923450e-04,2.405317500233650208e-04,2.103473816532641649e-04,1.590532774571329355e-04,1.580519892740994692e-04,1.865579833975061774e-04,3.935934510082006454e-04,1.409016433171927929e-03,1.672378182411193848e-02,8.918697945773601532e-03,3.268044209107756615e-03,1.187118818052113056e-03,7.538592908531427383e-04,1.886999816633760929e-03,2.120091579854488373e-03,2.540164132369682193e-05
5.181271582841873169e-03,1.208181027323007584e-02,2.973587438464164734e-02,4.169233888387680054e-02,6.814411841332912445e-03,1.839319244027137756e-02,6.967294029891490936e-03,1.251761522144079208e-02,5.567505955696105957e-03,5.460458341985940933e-03,4.253225401043891907e-03,8.131506852805614471e-03,7.554969284683465958e-03,9.457631409168243408e-02,8.837279081344604492e-01,2.740930557250976562e+00,4.273820877075195312e+01,5.745566406250000000e+02,3.072510681152343750e+02,4.125370502471923828e+00,2.713106393814086914e+00,1.092075824737548828e+00,2.573913812637329102e+00,6.231651782989501953e+00,1.461871743202209473e+00,1.626717001199722290e-01,2.768316268920898438e-01,6.036172434687614441e-02,5.545233935117721558e-02,1.361877322196960449e-01,1.659688651561737061e-01,6.018224954605102539e-01,1.747155189514160156e+00,5.624923110008239746e-01,6.151756644248962402e-01,2.053517150878906250e+01,6.981467437744140625e+01,7.824170589447021484e+00,1.930087432265281677e-02,2.099422970786690712e-03,3.851373912766575813e-03,1.869189320132136345e-03,2.839967608451843262e-03,4.235311411321163177e-03,2.211873419582843781e-03,6.811543367803096771e-03,1.304763276129961014e-02,1.454399153590202332e-02,5.192317068576812744e-02,2.579179704189300537e-01,1.124278903007507324e+00,9.312752723693847656e+00,1.750082731246948242e+00,4.305640701204538345e-03,4.010093864053487778e-03,4.902036394923925400e-03,1.243736874312162399e-02,1.467907242476940155e-02,2.823794074356555939e-02,1.042876094579696655e-01,6.256905198097229004e-02,1.290549993515014648e+00,1.703077912330627441e+00,9.100566804409027100e-02,2.144099399447441101e-02,2.502691373229026794e-02,1.458547264337539673e-01,1.954798102378845215e-01,5.453843474388122559e-01,4.233948707580566406e+00,4.199325180053710938e+01,2.578475761413574219e+01,3.197623789310455322e-01,3.092358410358428955e-01,1.730378717184066772e-01,2.831545174121856689e-01,7.296582460403442383e-01,2.916039943695068359e+00,8.403624296188354492e-01,2.278212644159793854e-02,5.832035094499588013e-02,1.668436676263809204e-01,1.412725448608398438e+00,3.367034435272216797e+00,4.180124402046203613e-01,6.766528487205505371e-01,1.295320034027099609e+00,4.475916862487792969e+00,1.840824699401855469e+01,1.950392723083496094e+00,3.598619401454925537e-01,1.586793422698974609e+00,2.219759225845336914e+00,9.084520339965820312e-01,2.243814766407012939e-01,7.907590866088867188e-01,1.458003520965576172e+00,2.523128390312194824e-01,4.488990642130374908e-03,3.103931434452533722e-03,3.923803567886352539e-03,1.296006725169718266e-03,6.581800989806652069e-03,3.450894355773925781e-02,6.539270747452974319e-03,7.884560618549585342e-04,9.054363472387194633e-04,5.992822698317468166e-04,4.451472195796668530e-04,2.061818522633984685e-04,3.351647756062448025e-04,8.724764338694512844e-04,8.072297205217182636e-04,1.621667179279029369e-04,1.705268805380910635e-04,1.416457816958427429e-04,7.928062404971569777e-05,5.855067138327285647e-05,2.631212701089680195e-04,1.615775516256690025e-03,9.666468016803264618e-03,4.233496263623237610e-03,3.446370828896760941e-03,4.150924272835254669e-03,8.281307527795433998e-04,2.356100594624876976e-03,2.473383676260709763e-03,2.586949267424643040e-05
8.076502010226249695e-03,1.550224609673023224e-02,5.457051470875740051e-02,8.668870478868484497e-02,1.209127716720104218e-02,7.369566243141889572e-03,3.875754540786147118e-03,6.249167490750551224e-03,4.387354943901300430e-03,4.407458938658237457e-03,2.674989169463515282e-03,1.986393937841057777e-03,2.397136995568871498e-03,6.124580651521682739e-02,4.953755140304565430e-01,3.501326084136962891e+00,3.317243194580078125e+01,2.874170227050781250e+02,3.064606628417968750e+02,3.904187917709350586e+00,3.881685733795166016e+00,1.362700700759887695e+00,1.430142164230346680e+00,1.818503856658935547e+00,5.705977082252502441e-01,1.708899885416030884e-01,2.159954458475112915e-01,5.018260329961776733e-02,6.394194066524505615e-02,1.198350787162780762e-01,1.736307144165039062e-02,6.758366525173187256e-02,1.428155303001403809e-01,1.366655677556991577e-01,2.109231948852539062e+00,3.560959243774414062e+01,6.371263885498046875e+01,1.017352771759033203e+01,3.211829066276550293e-02,1.665557152591645718e-03,3.901961725205183029e-03,3.510803682729601860e-03,1.744135399349033833e-03,2.423393540084362030e-03,1.268065301701426506e-03,3.698520828038454056e-03,7.123028859496116638e-03,2.895369660109281540e-03,4.327823594212532043e-02,2.308025211095809937e-01,3.941352963447570801e-01,6.315869808197021484e+00,2.589536428451538086e+00,1.310511212795972824e-02,1.246744417585432529e-03,2.586469752714037895e-03,6.841845810413360596e-03,1.411119196563959122e-02,2.704413235187530518e-02,8.085518330335617065e-02,9.859360754489898682e-02,8.313757181167602539e-01,3.936798095703125000e+00,3.635751605033874512e-01,2.537196688354015350e-02,1.161163952201604843e-02,5.861592292785644531e-02,1.807767748832702637e-01,2.650799751281738281e-01,2.348433256149291992e+00,5.286582183837890625e+01,4.341850280761718750e+01,2.896217703819274902e-01,1.992148458957672119e-01,1.652389913797378540e-01,1.596745699644088745e-01,4.304045140743255615e-01,2.321282625198364258e+00,9.012590646743774414e-01,1.639714092016220093e-02,6.406228989362716675e-02,7.440611720085144043e-02,4.861421585083007812e-01,2.897908449172973633e+00,1.276714682579040527e+00,9.486901760101318359e-01,8.221882581710815430e-01,4.553812503814697266e+00,2.136744689941406250e+01,3.400577783584594727e+00,2.987884581089019775e-01,8.251697421073913574e-01,1.981842279434204102e+00,1.551553010940551758e+00,1.963424980640411377e-01,3.888645768165588379e-01,7.637030482292175293e-01,2.244842797517776489e-01,2.525798743590712547e-03,3.083456074818968773e-03,5.734611768275499344e-03,1.332932733930647373e-03,8.390475064516067505e-03,4.442530870437622070e-02,8.047319017350673676e-03,6.886064074933528900e-04,9.464442846365272999e-04,8.173201931640505791e-04,4.256092943251132965e-04,3.492946852929890156e-04,3.676841151900589466e-04,1.136885606683790684e-03,8.268405799753963947e-04,1.373407430946826935e-04,1.521518133813515306e-04,1.247192121809348464e-04,5.679724199580959976e-05,4.650534174288623035e-05,1.762197498464956880e-04,1.313352608121931553e-03,7.941862568259239197e-03,3.175394143909215927e-03,5.130206234753131866e-03,9.668060578405857086e-03,1.436870079487562180e-03,2.021908294409513474e-03,1.014443580061197281e-03,2.975217466882895678e-05
7.635255809873342514e-03,1.370194647461175919e-02,7.446698099374771118e-02,1.340788006782531738e-01,2.347825840115547180e-02,8.244296535849571228e-03,3.090002108365297318e-03,1.078188978135585785e-02,2.612234791740775108e-03,4.804472904652357101e-03,6.160771590657532215e-04,2.766362391412258148e-03,1.215917640365660191e-03,5.931411404162645340e-03,1.448699235916137695e-01,1.814586400985717773e+00,8.301372528076171875e+00,1.763108978271484375e+02,2.534053192138671875e+02,7.233986377716064453e+00,3.302346944808959961e+00,1.606292486190795898e+00,1.546497344970703125e+00,1.458407521247863770e+00,8.980469107627868652e-01,1.050201654434204102e-01,1.037457138299942017e-01,1.068558990955352783e-01,6.644338369369506836e-02,8.593647181987762451e-02,2.133647352457046509e-02,1.152930036187171936e-01,1.168650239706039429e-01,2.135531902313232422e-01,2.184659242630004883e+00,1.104089260101318359e+01,7.756319522857666016e+00,5.000871658325195312e+00,3.223893791437149048e-02,3.451694734394550323e-03,2.000369597226381302e-03,9.384989971294999123e-04,3.614797955378890038e-03,5.058289505541324615e-03,2.335085300728678703e-03,8.489698171615600586e-03,5.473155528306961060e-03,1.918285386636853218e-03,8.375045843422412872e-03,3.418751806020736694e-02,2.378305494785308838e-01,4.905987262725830078e+00,5.266575813293457031e+00,4.434310272336006165e-02,8.115776581689715385e-04,2.154702320694923401e-03,1.483643194660544395e-03,2.094932459294795990e-02,2.970018424093723297e-02,1.433768495917320251e-02,6.284901499748229980e-02,1.067178726196289062e+00,3.046154022216796875e+00,8.088176250457763672e-01,2.628124319016933441e-02,1.161211077123880386e-02,2.884973958134651184e-02,1.861367225646972656e-01,2.123589664697647095e-01,1.139933347702026367e+00,3.084884262084960938e+01,2.878973770141601562e+01,5.684678554534912109e-01,1.316253095865249634e-01,1.884922981262207031e-01,2.848094105720520020e-01,5.899931192398071289e-01,2.454364776611328125e+00,2.406045913696289062e+00,1.573647372424602509e-02,5.378184840083122253e-02,8.221433311700820923e-02,5.286244750022888184e-01,4.843506813049316406e+00,4.093353271484375000e+00,8.041374683380126953e-01,1.258869886398315430e+00,2.569643020629882812e+00,2.894795036315917969e+01,9.853262901306152344e+00,6.492990851402282715e-01,8.723775744438171387e-01,2.727617740631103516e+00,2.599280834197998047e+00,2.713793814182281494e-01,2.974825203418731689e-01,1.384195208549499512e+00,7.766662836074829102e-01,1.529843779280781746e-03,1.982031855732202530e-03,4.773712251335382462e-03,2.668362809345126152e-03,6.732766516506671906e-03,2.565633691847324371e-02,5.655167624354362488e-03,1.170742791146039963e-03,7.531857118010520935e-04,5.588598432950675488e-04,3.208516864106059074e-04,2.793561434373259544e-04,3.981361223850399256e-04,1.087343785911798477e-03,5.440678796730935574e-04,8.959875412983819842e-05,1.023934601107612252e-04,4.874616934102959931e-05,3.482985266600735486e-05,4.410590554471127689e-05,7.566163549199700356e-05,1.307905302383005619e-03,5.999066866934299469e-03,2.614218508824706078e-03,4.770237021148204803e-03,9.316693060100078583e-03,1.745366025716066360e-03,2.911722287535667419e-03,1.221732120029628277e-03,7.073777669575065374e-05
4.081367049366235733e-03,1.110966410487890244e-02,6.896656751632690430e-02,1.086029186844825745e-01,8.523369207978248596e-03,1.074818149209022522e-02,4.320584703236818314e-03,4.542049020528793335e-03,1.636018860153853893e-03,3.246818203479051590e-03,1.096441643312573433e-03,3.209380432963371277e-03,1.442208769731223583e-03,4.300939384847879410e-03,1.935302168130874634e-01,2.353011608123779297e+00,1.189834117889404297e+01,8.823663330078125000e+01,1.785231018066406250e+02,1.333351230621337891e+01,4.957954406738281250e+00,8.838357925415039062e-01,1.289855360984802246e+00,1.301897168159484863e+00,8.403194546699523926e-01,1.007098406553268433e-01,5.680618435144424438e-02,6.447703391313552856e-02,8.614775538444519043e-02,4.657038673758506775e-02,5.890355259180068970e-02,6.898021697998046875e-02,2.122945934534072876e-01,2.280742824077606201e-01,2.170276343822479248e-01,5.464190840721130371e-01,2.576754331588745117e+00,6.860431194305419922e+00,1.039186120033264160e-01,6.491836160421371460e-03,2.178475027903914452e-03,5.381366354413330555e-04,1.959128305315971375e-03,8.037624880671501160e-03,2.348293084651231766e-03,8.470388129353523254e-03,6.516421679407358170e-03,3.491496667265892029e-03,5.874523892998695374e-03,2.310360409319400787e-02,4.919852614402770996e-01,4.722526550292968750e+00,7.853122234344482422e+00,1.308782696723937988e-01,1.325200428254902363e-03,3.031848696991801262e-03,2.223704941570758820e-03,2.591817639768123627e-02,2.799731306731700897e-02,1.911111362278461456e-02,4.199987649917602539e-02,1.081035137176513672e+00,2.848814725875854492e+00,1.075745701789855957e+00,4.207617416977882385e-02,1.289804559201002121e-02,1.834358088672161102e-02,1.041964143514633179e-01,1.123632863163948059e-01,1.554728865623474121e+00,1.004458141326904297e+01,1.244284820556640625e+01,1.069169521331787109e+00,1.991280317306518555e-01,9.590774774551391602e-02,1.459297835826873779e-01,4.023437500000000000e-01,3.309206485748291016e+00,3.597408771514892578e+00,3.696761280298233032e-02,2.467972226440906525e-02,7.575856894254684448e-02,5.266866683959960938e-01,6.775123596191406250e+00,7.478360652923583984e+00,5.188223123550415039e-01,1.957024455070495605e+00,2.729526996612548828e+00,4.181630706787109375e+01,1.473195362091064453e+01,3.560805022716522217e-01,4.997406899929046631e-01,2.222610712051391602e+00,2.749832391738891602e+00,4.182867407798767090e-01,3.443180918693542480e-01,2.057633638381958008e+00,8.169005513191223145e-01,1.661922316998243332e-03,9.983619675040245056e-04,3.122047754004597664e-03,3.616077592596411705e-03,4.358188714832067490e-03,1.267113536596298218e-02,1.025701593607664108e-02,9.732988546602427959e-04,5.399298970587551594e-04,5.729994736611843109e-04,2.568494819570332766e-04,8.125813474180176854e-05,2.540866844356060028e-04,8.285019430331885815e-04,4.750840016640722752e-04,4.439140684553422034e-05,2.909495742642320693e-05,2.521267015254124999e-05,3.267946522100828588e-05,3.736733924597501755e-05,8.052554039750248194e-05,1.521266996860504150e-03,4.406254738569259644e-03,1.978750107809901237e-03,5.631693173199892044e-03,8.199973963201045990e-03,2.002990338951349258e-03,2.864127513021230698e-03,1.152985962107777596e-03,6.403349834727123380e-05
2.878252184018492699e-03,1.815104670822620392e-02,4.951926320791244507e-02,6.871723383665084839e-02,1.073957048356533051e-02,5.640586838126182556e-03,2.424874575808644295e-03,1.515583368018269539e-03,1.191227347590029240e-03,2.535602776333689690e-03,1.436855760402977467e-03,8.734554867260158062e-04,2.178628928959369659e-03,3.345626173540949821e-03,7.418445497751235962e-02,2.087847232818603516e+00,1.572451782226562500e+01,5.250952148437500000e+01,1.469607238769531250e+02,1.519006919860839844e+01,3.334118843078613281e+00,1.031528472900390625e+00,8.786298632621765137e-01,1.747914791107177734e+00,6.867380142211914062e-01,1.520428806543350220e-01,2.380963601171970367e-02,3.176527470350265503e-02,6.006743758916854858e-02,5.769175291061401367e-02,9.844683110713958740e-02,2.753815986216068268e-02,2.459765672683715820e-01,9.986275434494018555e-02,9.961424767971038818e-02,1.032925605773925781e+00,1.145492649078369141e+01,1.852077865600585938e+01,2.172681838274002075e-01,1.218674797564744949e-02,1.676903455518186092e-03,5.539387348107993603e-04,8.126801694743335247e-04,3.676962805911898613e-03,1.971658319234848022e-03,1.558529678732156754e-03,1.423114095814526081e-03,2.261996734887361526e-03,3.490072675049304962e-03,1.136658247560262680e-02,3.490853309631347656e-01,4.369160175323486328e+00,1.204973411560058594e+01,2.687847316265106201e-01,5.274724680930376053e-03,1.909249229356646538e-03,1.953187631443142891e-03,1.496676448732614517e-02,3.650521859526634216e-02,3.420904278755187988e-02,7.470872998237609863e-02,5.153262615203857422e-01,4.566338062286376953e+00,1.612692117691040039e+00,1.157225016504526138e-02,1.158911734819412231e-02,2.352671138942241669e-02,7.682753354310989380e-02,2.109829932451248169e-01,2.742268800735473633e+00,1.340107154846191406e+01,2.661408424377441406e+01,2.594351291656494141e+00,1.827066838741302490e-01,7.404925674200057983e-02,1.506098359823226929e-01,2.824153602123260498e-01,1.988863706588745117e+00,2.193962335586547852e+00,6.554707884788513184e-02,1.766920648515224457e-02,6.126688420772552490e-02,3.367063105106353760e-01,3.266460657119750977e+00,4.534837722778320312e+00,4.206696152687072754e-01,8.720760345458984375e-01,1.780318140983581543e+00,2.094565391540527344e+01,7.212887287139892578e+00,2.468943744897842407e-01,3.262510597705841064e-01,8.653849959373474121e-01,3.892467975616455078e+00,6.640329360961914062e-01,2.675290107727050781e-01,1.093353509902954102e+00,5.359883904457092285e-01,6.116315722465515137e-03,5.470265750773251057e-04,1.605607336387038231e-03,2.822733251377940178e-03,6.062875967472791672e-03,1.177715044468641281e-02,1.755777560174465179e-02,1.798209850676357746e-03,4.553057078737765551e-04,7.273133378475904465e-04,2.108484040945768356e-04,5.377969500841572881e-05,1.551313034724444151e-04,5.154624814167618752e-04,3.442227898631244898e-04,4.561746754916384816e-05,3.027449929504655302e-05,1.936277658387552947e-05,3.290906533948145807e-05,2.395824049017392099e-05,6.606466195080429316e-05,1.031565130688250065e-03,3.483152715489268303e-03,1.918737310916185379e-03,6.304642651230096817e-03,7.486031390726566315e-03,2.161676296964287758e-03,2.046798355877399445e-03,8.550540078431367874e-04,6.392720388248562813e-05
1.297309645451605320e-03,3.305442258715629578e-02,7.904284447431564331e-02,9.780761599540710449e-02,7.392428815364837646e-03,5.691234022378921509e-03,3.487251931801438332e-03,9.677318157628178596e-04,8.309047552756965160e-04,9.812816279008984566e-04,9.174767765216529369e-04,9.387781028635799885e-04,2.271954901516437531e-03,3.674926003441214561e-03,5.093685910105705261e-02,1.646520853042602539e+00,1.110150814056396484e+01,5.621830368041992188e+01,1.550623779296875000e+02,1.220984840393066406e+01,2.627748489379882812e+00,3.189640343189239502e-01,4.931823015213012695e-01,1.084601163864135742e+00,6.088311076164245605e-01,1.348504275083541870e-01,5.244634672999382019e-02,3.627012670040130615e-02,2.898021787405014038e-02,7.861651480197906494e-02,3.342036530375480652e-02,3.233858570456504822e-02,1.321275681257247925e-01,1.145320385694503784e-01,1.138685718178749084e-01,5.243946909904479980e-01,1.393372631072998047e+01,2.294621467590332031e+01,1.090106666088104248e-01,2.096486277878284454e-02,2.022980013862252235e-03,9.029959328472614288e-04,5.977103137411177158e-04,6.068269722163677216e-04,1.380867557600140572e-03,1.201500650495290756e-03,2.131231827661395073e-03,1.526532927528023720e-03,3.212279174476861954e-03,7.442458067089319229e-03,6.018030643463134766e-02,5.401549339294433594e+00,1.786002540588378906e+01,3.673346340656280518e-01,3.578234463930130005e-03,1.908651902340352535e-03,3.695302875712513924e-03,1.133864372968673706e-02,2.130242437124252319e-02,4.033910110592842102e-02,6.184515357017517090e-02,2.820181846618652344e-01,3.207632780075073242e+00,1.581114172935485840e+00,1.055398955941200256e-02,1.198029331862926483e-02,2.917287312448024750e-02,5.864388123154640198e-02,1.418927311897277832e-01,1.367557883262634277e+00,1.111658573150634766e+01,3.449254989624023438e+01,3.578316688537597656e+00,9.185347706079483032e-02,5.221821740269660950e-02,1.107177138328552246e-01,1.833948343992233276e-01,2.636984825134277344e+00,5.848356246948242188e+00,8.249945193529129028e-02,2.145808190107345581e-02,5.621838197112083435e-02,1.952953189611434937e-01,2.258411645889282227e+00,3.408188343048095703e+00,2.358243614435195923e-01,4.118984341621398926e-01,9.779174923896789551e-01,9.273209571838378906e+00,1.007697296142578125e+01,3.354114294052124023e-01,2.830767333507537842e-01,1.322335362434387207e+00,7.872554779052734375e+00,8.685958385467529297e-01,1.560350656509399414e-01,5.425805449485778809e-01,6.227263212203979492e-01,1.288802083581686020e-02,6.803625146858394146e-04,1.607404672540724277e-03,1.940710935741662979e-03,4.439082462340593338e-03,8.177252486348152161e-03,2.243157848715782166e-02,2.441727789118885994e-03,5.113648367114365101e-04,7.662926218472421169e-04,1.613527419976890087e-04,4.267602344043552876e-05,1.102687092497944832e-04,2.481482515577226877e-04,2.437843359075486660e-04,3.840777208097279072e-05,2.130959728674497455e-05,1.486652399762533605e-05,2.220395617769099772e-05,2.604410656203981489e-05,6.318507803371176124e-05,1.451779738999903202e-03,4.124641418457031250e-03,1.752976560965180397e-03,4.725821316242218018e-03,7.178272586315870285e-03,1.713205827400088310e-03,1.847691368311643600e-03,1.260778983123600483e-03,7.583605474792420864e-05
1.528052380308508873e-03,3.284816443920135498e-02,7.604537159204483032e-02,1.172992885112762451e-01,4.948243498802185059e-03,7.958458736538887024e-03,6.938183680176734924e-03,5.214389530010521412e-04,8.772906730882823467e-04,1.432418124750256538e-03,8.072725031524896622e-04,1.481657498516142368e-03,1.535116229206323624e-03,4.870130680501461029e-03,3.309657052159309387e-02,2.067651748657226562e-01,3.666156768798828125e+00,1.449608154296875000e+02,2.463207244873046875e+02,1.115721893310546875e+01,1.846713185310363770e+00,1.211029067635536194e-01,4.636780321598052979e-01,2.877415418624877930e-01,3.962232768535614014e-01,2.131599038839340210e-01,6.951230764389038086e-02,3.045382909476757050e-02,3.699776902794837952e-02,3.576831519603729248e-02,5.938726011663675308e-03,3.057629242539405823e-02,3.680263459682464600e-02,4.388722404837608337e-02,1.489594578742980957e-01,2.529983818531036377e-01,2.335500526428222656e+01,2.192490196228027344e+01,8.379483968019485474e-02,6.689447443932294846e-03,1.401337329298257828e-03,1.521424273960292339e-03,5.760928615927696228e-04,5.996129475533962250e-04,1.036452362313866615e-03,1.804725266993045807e-03,4.489340819418430328e-03,3.460414241999387741e-03,4.330953117460012436e-03,6.816059350967407227e-03,2.900899387896060944e-02,4.231796264648437500e+00,1.326002311706542969e+01,2.383587211370468140e-01,4.222510382533073425e-03,1.861592638306319714e-03,4.286229610443115234e-03,1.114216353744268417e-02,1.083271112293004990e-02,1.300439145416021347e-02,4.206544533371925354e-02,4.156281650066375732e-01,1.583557009696960449e+00,7.464481592178344727e-01,1.813805662095546722e-02,1.040987204760313034e-02,3.172676637768745422e-02,6.400234252214431763e-02,1.253547072410583496e-01,3.357277512550354004e-01,1.055531024932861328e+01,6.813956451416015625e+01,2.908401966094970703e+00,5.319886654615402222e-02,3.722497448325157166e-02,6.037865579128265381e-02,1.544820368289947510e-01,2.690903663635253906e+00,5.075946807861328125e+00,4.598644375801086426e-02,2.035947330296039581e-02,4.672993719577789307e-02,1.036945879459381104e-01,3.369133710861206055e+00,3.870443820953369141e+00,1.498678326606750488e-01,3.259079456329345703e-01,8.320975899696350098e-01,1.021849155426025391e+01,1.283709049224853516e+01,2.207166552543640137e-01,3.408425152301788330e-01,1.803856015205383301e+00,1.087888050079345703e+01,1.008309841156005859e+00,1.424536108970642090e-01,7.078627347946166992e-01,4.854640364646911621e-01,8.207779377698898315e-03,6.658725324086844921e-04,3.539405064657330513e-03,3.881066804751753807e-03,3.306385828182101250e-03,5.020394921302795410e-03,2.143515646457672119e-02,1.936099259182810783e-03,4.692103539127856493e-04,5.875198985449969769e-04,1.361705653835088015e-04,5.326611790223978460e-05,7.484749949071556330e-05,1.620135299162939191e-04,3.843066806439310312e-04,4.519099093158729374e-05,1.742787389957811683e-05,1.932161285367328674e-05,1.808086562959942967e-05,3.306392318336293101e-05,5.135032552061602473e-05,9.172315476462244987e-04,2.634515287354588509e-03,9.649982675909996033e-04,4.518763162195682526e-03,9.439902380108833313e-03,2.021062187850475311e-03,1.729228300973773003e-03,1.350693404674530029e-03,6.290723104029893875e-05
3.367887111380696297e-03,1.613179035484790802e-02,5.648133158683776855e-02,9.524246305227279663e-02,9.089728817343711853e-03,2.446950599551200867e-02,1.089449785649776459e-02,1.034145243465900421e-03,1.160616287961602211e-03,1.365106320008635521e-03,1.131787779740989208e-03,3.254668088629841805e-03,4.265374969691038132e-03,4.702895414084196091e-03,1.012478582561016083e-02,4.085915535688400269e-02,7.039610743522644043e-01,8.711438751220703125e+01,2.228977966308593750e+02,1.328928947448730469e+01,1.146455168724060059e+00,2.848027646541595459e-01,4.295654296875000000e-01,2.323402166366577148e-01,2.763648033142089844e-01,2.818751633167266846e-01,7.110799103975296021e-02,4.660232737660408020e-02,7.390438020229339600e-02,2.836673147976398468e-02,1.297240145504474640e-02,2.253929525613784790e-02,1.350177228450775146e-01,8.742818236351013184e-02,1.729264408349990845e-01,9.451330900192260742e-01,4.618112182617187500e+01,2.852733612060546875e+01,1.810235157608985901e-02,8.400365710258483887e-03,8.898886153474450111e-04,1.423182780854403973e-03,2.845754614099860191e-03,5.664878990501165390e-04,5.756276077590882778e-04,1.119626220315694809e-03,2.674559131264686584e-03,2.387521555647253990e-03,1.882627140730619431e-03,8.214087225496768951e-03,4.525659605860710144e-02,3.187628269195556641e+00,5.361538410186767578e+00,1.020478382706642151e-01,8.223019540309906006e-03,3.412161488085985184e-03,4.151995759457349777e-03,9.602731093764305115e-03,3.959727939218282700e-03,5.016983952373266220e-03,4.614955186843872070e-02,3.785589039325714111e-01,1.363774657249450684e+00,5.173815488815307617e-01,2.451581321656703949e-02,1.802406646311283112e-02,4.516818746924400330e-02,3.035069070756435394e-02,8.503123372793197632e-02,8.938887715339660645e-01,1.125982093811035156e+01,4.980176925659179688e+01,1.205286622047424316e+00,9.229226410388946533e-02,2.840701490640640259e-02,4.308582469820976257e-02,1.717703342437744141e-01,4.316430091857910156e+00,5.806393146514892578e+00,3.084925189614295959e-02,1.677597314119338989e-02,3.524892777204513550e-02,1.570231467485427856e-01,9.562646865844726562e+00,7.842936992645263672e+00,3.546039462089538574e-01,5.604215860366821289e-01,1.407597303390502930e+00,9.719603538513183594e+00,9.950087547302246094e+00,3.505291342735290527e-01,3.394516706466674805e-01,2.756901979446411133e+00,9.625106811523437500e+00,5.805421471595764160e-01,1.069627627730369568e-01,4.664748907089233398e-01,2.422385364770889282e-01,3.320790128782391548e-03,7.439163164235651493e-04,6.068125832825899124e-03,5.171750672161579132e-03,3.579037263989448547e-03,6.807533092796802521e-03,1.893370784819126129e-02,2.089738845825195312e-03,6.344799767248332500e-04,4.780201124958693981e-04,1.486548862885683775e-04,5.701690679416060448e-05,6.839652633061632514e-05,1.464749220758676529e-04,4.063220985699445009e-04,4.245150921633467078e-05,2.408704858680721372e-05,2.071722883556503803e-05,1.858967334555927664e-05,2.403594044153578579e-05,6.877150008222088218e-05,6.914965924806892872e-04,2.178587950766086578e-03,1.344714895822107792e-03,7.123222108930349350e-03,1.146440859884023666e-02,2.895611803978681564e-03,2.071906812489032745e-03,1.368672819808125496e-03,4.606736911227926612e-05
3.785843029618263245e-03,7.405744399875402451e-03,8.441746979951858521e-02,6.426591426134109497e-02,1.220549549907445908e-02,1.887426339089870453e-02,7.528556045144796371e-03,8.383428677916526794e-03,8.129091933369636536e-03,7.936571724712848663e-03,5.234398413449525833e-03,1.296670362353324890e-02,1.673006825149059296e-02,1.934970170259475708e-02,5.420672893524169922e-02,1.498967260122299194e-01,2.437281847000122070e+00,4.544651031494140625e+01,1.819015655517578125e+02,1.949800682067871094e+01,1.585479974746704102e+00,6.426950693130493164e-01,1.345396280288696289e+00,4.938239157199859619e-01,3.198568522930145264e-01,7.375191450119018555e-01,7.963487505912780762e-01,7.173027992248535156e-01,3.943923115730285645e-01,2.247161567211151123e-01,9.304753690958023071e-02,9.075278043746948242e-02,1.918487846851348877e-01,1.320717036724090576e-01,1.364940166473388672e+00,5.221920967102050781e+00,4.564921569824218750e+01,2.171482658386230469e+01,1.190714389085769653e-01,4.004371911287307739e-02,1.821750216186046600e-02,1.779056526720523834e-02,1.159454230219125748e-02,8.041796274483203888e-03,6.567341275513172150e-03,3.707652445882558823e-03,7.013366091996431351e-03,6.155794952064752579e-03,7.334291003644466400e-03,6.157165858894586563e-03,9.700861573219299316e-02,3.263882398605346680e+00,1.889392375946044922e+00,9.609977900981903076e-02,9.497997350990772247e-03,1.173860672861337662e-02,7.832643575966358185e-03,1.602895185351371765e-02,2.525668963789939880e-02,1.926335878670215607e-02,1.043314039707183838e-01,1.407321929931640625e+00,3.847437858581542969e+00,9.532302618026733398e-01,5.370346084237098694e-02,1.714880764484405518e-02,3.126071393489837646e-02,3.464292734861373901e-02,1.269518285989761353e-01,2.611117124557495117e+00,1.026078414916992188e+01,1.395622920989990234e+01,3.579562604427337646e-01,4.208928719162940979e-02,3.932512551546096802e-02,6.324020028114318848e-02,2.924958169460296631e-01,3.432403087615966797e+00,4.694440841674804688e+00,4.572897404432296753e-02,3.619175404310226440e-02,9.113898128271102905e-02,2.349778264760971069e-01,8.879388809204101562e+00,5.469344615936279297e+00,5.794671773910522461e-01,2.147912025451660156e+00,2.761601686477661133e+00,5.248710155487060547e+00,3.275336265563964844e+00,5.104069113731384277e-01,8.168537020683288574e-01,2.685620784759521484e+00,5.090585708618164062e+00,3.107239007949829102e-01,1.783284246921539307e-01,2.639951407909393311e-01,3.100016117095947266e-01,3.395815845578908920e-03,1.932394690811634064e-03,8.477377705276012421e-03,7.327500730752944946e-03,4.893140401691198349e-03,8.869745768606662750e-03,1.632125489413738251e-02,2.661008387804031372e-03,7.137758075259625912e-04,6.372593925334513187e-04,2.949371410068124533e-04,1.585336722200736403e-04,1.449593255529180169e-04,2.620170125737786293e-04,3.955253050662577152e-04,1.036589237628504634e-04,1.120345477829687297e-04,1.006368183880113065e-04,1.051994186127558351e-04,1.004186924546957016e-04,1.341243623755872250e-04,6.030835211277008057e-04,1.770356670022010803e-03,1.652277889661490917e-03,1.114655751734972000e-02,1.448284368962049484e-02,2.006751485168933868e-03,2.303044311702251434e-03,1.244308194145560265e-03,9.431748185306787491e-05
1.510270219296216965e-02,2.158253826200962067e-02,8.832719922065734863e-02,3.615972399711608887e-02,4.713334143161773682e-02,2.693791687488555908e-02,3.775659576058387756e-02,6.600396335124969482e-02,7.627450674772262573e-02,7.894310355186462402e-02,7.248350977897644043e-02,1.191223636269569397e-01,1.521795392036437988e-01,1.985904276371002197e-01,4.338860511779785156e-01,4.500116109848022461e-01,6.045214653015136719e+00,6.453417968750000000e+01,1.321435546875000000e+02,2.413475799560546875e+01,2.310571432113647461e+00,2.314784526824951172e+00,3.754575252532958984e+00,1.129458904266357422e+00,2.120159119367599487e-01,8.596399426460266113e-01,1.164346694946289062e+00,7.675532102584838867e-01,3.829661011695861816e-01,4.846594929695129395e-01,1.933361887931823730e-01,3.134787678718566895e-01,1.341570466756820679e-01,2.268011122941970825e-01,2.836527824401855469e+00,5.681127548217773438e+00,1.139089775085449219e+01,9.088529586791992188e+00,6.301247477531433105e-01,1.972829699516296387e-01,1.431873142719268799e-01,1.204931959509849548e-01,6.947410106658935547e-02,7.313989102840423584e-02,5.837652832269668579e-02,4.167692363262176514e-02,4.045534878969192505e-02,1.767821051180362701e-02,3.797154501080513000e-02,2.535256370902061462e-02,1.116859316825866699e-01,2.080679416656494141e+00,1.794271349906921387e+00,1.275705695152282715e-01,2.647567167878150940e-02,2.098505012691020966e-02,1.277419365942478180e-02,2.251281216740608215e-02,8.585871011018753052e-02,4.139620438218116760e-02,9.725528210401535034e-02,9.796153306961059570e-01,2.068153619766235352e+00,6.018669605255126953e-01,5.919550731778144836e-02,1.023181620985269547e-02,1.726284064352512360e-02,8.226945996284484863e-02,1.852912008762359619e-01,8.946727514266967773e-01,8.582370758056640625e+00,9.389276504516601562e+00,2.621606588363647461e-01,4.490304365754127502e-02,1.092737689614295959e-01,1.540241092443466187e-01,4.374627470970153809e-01,6.550399065017700195e-01,8.270239830017089844e-01,6.039991974830627441e-02,7.757584750652313232e-02,1.184601187705993652e-01,1.974148452281951904e-01,3.761092424392700195e+00,2.181206703186035156e+00,5.925601720809936523e-01,3.539076805114746094e+00,3.504457235336303711e+00,4.636728763580322266e+00,2.968025445938110352e+00,6.485003829002380371e-01,1.531220555305480957e+00,2.375118732452392578e+00,5.445585250854492188e+00,4.245214164257049561e-01,2.637583613395690918e-01,2.374858856201171875e-01,2.280669212341308594e-01,3.196934936568140984e-03,3.933754749596118927e-03,5.823043640702962875e-03,8.302412927150726318e-03,1.184501964598894119e-02,8.488565683364868164e-03,9.634561836719512939e-03,1.776148914359509945e-03,1.054106396622955799e-03,1.590587431564927101e-03,1.265138154849410057e-03,1.176829100586473942e-03,1.212575240060687065e-03,1.397039508447051048e-03,1.370111713185906410e-03,9.252557647414505482e-04,1.042524119839072227e-03,9.226194815710186958e-04,9.410659549757838249e-04,9.586113155819475651e-04,9.189118281938135624e-04,1.063220552168786526e-03,1.806779764592647552e-03,1.838781870901584625e-03,6.033028941601514816e-03,7.010987959802150726e-03,1.847754814662039280e-03,3.106664866209030151e-03,1.569375162944197655e-03,8.196511771529912949e-04

Feature: mfcc
-1.736591033935546875e+02,7.854238891601562500e+01,-4.373292541503906250e+01,5.706534957885742188e+01,-4.151155853271484375e+01,-4.828726959228515625e+01,-1.422613716125488281e+01,-3.791778564453125000e+01,2.311263561248779297e+00,5.212565422058105469e+00,-1.232925510406494141e+01,1.844057464599609375e+01,-3.310960054397583008e+00,1.796801447868347168e+00,2.143377685546875000e+01,2.278762054443359375e+01,-8.696593642234802246e-01,1.900513458251953125e+01,-7.687796115875244141e+00,-3.137238502502441406e+00,-2.144416427612304688e+01,1.247553110122680664e+00,1.204924392700195312e+01,5.859073638916015625e+00,-7.756768703460693359e+00,-4.430943489074707031e+00,-6.130542755126953125e+00,1.038913917541503906e+01,-1.041646766662597656e+01,-1.239033508300781250e+01,1.696891069412231445e+00,5.491981506347656250e+00,1.486756134033203125e+01,3.142619132995605469e-01,-1.192208051681518555e+00,6.402133941650390625e+00,-1.506438612937927246e+00,-8.339887619018554688e+00,-4.171214103698730469e+00,-4.524400711059570312e+00
-1.372636108398437500e+02,8.044340515136718750e+01,-5.868165969848632812e+01,5.729045867919921875e+01,-4.369432067871093750e+01,-5.804097366333007812e+01,-1.296030044555664062e+01,-3.809512329101562500e+01,1.146740818023681641e+01,3.004763603210449219e+00,-1.252460098266601562e+01,1.830581283569335938e+01,4.339468002319335938e+00,1.465151190757751465e+00,2.212868309020996094e+01,2.579840087890625000e+01,4.785142898559570312e+00,2.228124427795410156e+01,-1.136025142669677734e+01,-1.149651622772216797e+01,-2.384219551086425781e+01,-5.694487094879150391e-01,1.204476737976074219e+01,3.982055187225341797e-01,-1.109762096405029297e+01,-6.481392860412597656e+00,-7.987921714782714844e+00,7.068089962005615234e+00,-1.571090793609619141e+01,-4.420423030853271484e+00,1.204525279998779297e+01,9.740832328796386719e+00,1.475026130676269531e+01,-1.207124352455139160e+00,-2.023403167724609375e+00,2.766159296035766602e+00,-2.399652719497680664e+00,-3.793208122253417969e+00,-4.832441329956054688e+00,-1.371022796630859375e+01
-1.270945892333984375e+02,7.260113525390625000e+01,-6.995320129394531250e+01,5.585745239257812500e+01,-4.815825653076171875e+01,-6.326621246337890625e+01,-1.502982616424560547e+01,-3.578338623046875000e+01,1.784489059448242188e+01,5.448431968688964844e+00,-1.012964057922363281e+01,1.313029861450195312e+01,4.045085608959197998e-01,-1.772335052490234375e+00,2.628763198852539062e+01,2.848388671875000000e+01,9.291656494140625000e+00,1.953784561157226562e+01,-1.799579238891601562e+01,-1.689462280273437500e+01,-2.468826103210449219e+01,8.547392845153808594e+00,1.217973995208740234e+01,-1.056132435798645020e+00,-1.429174709320068359e+01,-7.032294750213623047e+00,-7.899119377136230469e+00,2.313220024108886719e+00,-1.646232604980468750e+01,1.740952491760253906e+00,1.375769424438476562e+01,5.750364303588867188e+00,8.524848937988281250e+00,-2.451899766921997070e+00,9.338641166687011719e-01,1.511490702629089355e+00,2.711678147315979004e-01,1.971491336822509766e+00,-6.792543411254882812e+00,-2.034806823730468750e+01
-1.225271759033203125e+02,6.084755706787109375e+01,-7.063427734375000000e+01,5.181484985351562500e+01,-5.124960327148437500e+01,-5.827608489990234375e+01,-1.446632575988769531e+01,-3.564797210693359375e+01,1.185549545288085938e+01,2.887684822082519531e+00,-1.091853332519531250e+01,1.462120342254638672e+01,-3.804663658142089844e+00,-6.156831979751586914e-03,3.097495269775390625e+01,3.549362182617187500e+01,1.244830703735351562e+01,1.382306098937988281e+01,-2.411063957214355469e+01,-1.544355010986328125e+01,-1.354462242126464844e+01,1.825673294067382812e+01,9.873657226562500000e+00,-4.721693992614746094e+00,-1.498699188232421875e+01,-3.969220161437988281e+00,-9.127288818359375000e+00,-3.941671848297119141e+00,-1.880910110473632812e+01,6.982676982879638672e+00,1.766792297363281250e+01,3.034278392791748047e+00,4.809574127197265625e+00,-4.113313198089599609e+00,5.851143836975097656e+00,4.015007495880126953e+00,-2.185469627380371094e+00,6.550622940063476562e+00,-6.825876712799072266e+00,-2.188354492187500000e+01
-1.234084320068359375e+02,5.932837295532226562e+01,-6.367781066894531250e+01,5.291849517822265625e+01,-4.958512878417968750e+01,-5.825707244873046875e+01,-2.061255073547363281e+01,-3.828271484375000000e+01,9.964756965637207031e+00,-4.021129608154296875e+00,-1.298627853393554688e+01,1.524897003173828125e+01,-6.553498268127441406e+00,-8.765538930892944336e-01,3.287749862670898438e+01,3.721450042724609375e+01,1.073269939422607422e+01,1.158876228332519531e+01,-2.843015670776367188e+01,-1.747485923767089844e+01,-1.373801040649414062e+01,2.050358772277832031e+01,6.219917774200439453e+00,-1.043362998962402344e+01,-1.326074981689453125e+01,2.103328943252563477e+00,-7.179131507873535156e+00,-6.374903917312622070e-01,-1.458599567413330078e+01,1.671921539306640625e+01,2.403182601928710938e+01,-2.241077184677124023e+00,3.517663478851318359e+00,-5.326924324035644531e+00,6.444935321807861328e+00,5.893967628479003906e+00,-5.077485561370849609e+00,2.013719558715820312e+00,-1.396810436248779297e+01,-2.276438140869140625e+01
-1.317637786865234375e+02,5.833115386962890625e+01,-6.383418655395507812e+01,5.569356536865234375e+01,-4.571768951416015625e+01,-5.812939453125000000e+01,-1.599185562133789062e+01,-4.131840515136718750e+01,1.060286712646484375e+01,-8.072151184082031250e+00,-7.189558982849121094e+00,1.216983032226562500e+01,-8.676100730895996094e+00,2.504181385040283203e+00,3.823515701293945312e+01,3.993628692626953125e+01,9.706901550292968750e+00,5.143563270568847656e+00,-3.290011215209960938e+01,-1.837302398681640625e+01,-1.571107196807861328e+01,1.735678863525390625e+01,-3.914257287979125977e-01,-1.576423358917236328e+01,-1.441977500915527344e+01,3.934483528137207031e+00,-8.996687889099121094e+00,-2.379088163375854492e+00,-1.607527542114257812e+01,1.783386802673339844e+01,2.301754760742187500e+01,-8.968826293945312500e+00,2.071096420288085938e+00,-2.296199321746826172e+00,9.512788772583007812e+00,2.029371023178100586e+00,-4.263060569763183594e+00,-1.254509329795837402e+00,-2.118810844421386719e+01,-1.643351745605468750e+01
-1.363443603515625000e+02,6.198036575317382812e+01,-6.633184814453125000e+01,5.462703704833984375e+01,-4.254474639892578125e+01,-5.984704208374023438e+01,-1.036824417114257812e+01,-4.023235321044921875e+01,1.119398689270019531e+01,-9.147981643676757812e+00,-5.691805839538574219e+00,1.328446388244628906e+01,-2.911329984664916992e+00,2.323387145996093750e+00,4.067458724975585938e+01,4.415352630615234375e+01,1.122694683074951172e+01,1.112958192825317383e+00,-2.922955894470214844e+01,-1.375163269042968750e+01,-9.829057693481445312e+00,2.039546775817871094e+01,-5.436004161834716797e+00,-1.899459457397460938e+01,-2.096317481994628906e+01,5.660410881042480469e+00,-7.853168964385986328e+00,-2.302901744842529297e+00,-1.209654998779296875e+01,2.467394638061523438e+01,2.014702987670898438e+01,-1.191415977478027344e+01,2.908033728599548340e-01,-1.796872496604919434e+00,8.187307357788085938e+00,4.911933839321136475e-01,-1.821229219436645508e+00,-1.523947477340698242e+00,-2.601067352294921875e+01,-1.344129562377929688e+01
-1.456152496337890625e+02,5.565911865234375000e+01,-6.509315490722656250e+01,5.693022918701171875e+01,-3.921650695800781250e+01,-5.610943603515625000e+01,-9.936007499694824219e+00,-3.867248535156250000e+01,1.316047286987304688e+01,-8.143675804138183594e+00,-6.790590286254882812e+00,1.314907073974609375e+01,6.200517654418945312e+00,7.956957340240478516e+00,4.663050460815429688e+01,4.535503387451171875e+01,7.350962638854980469e+00,3.246879577636718750e-02,-3.051075363159179688e+01,-1.265173149108886719e+01,-4.935600757598876953e+00,2.510495376586914062e+01,-1.017848777770996094e+01,-2.281070709228515625e+01,-2.467418289184570312e+01,8.128351211547851562e+00,-1.016657447814941406e+01,-8.499979972839355469e-01,-7.881539821624755859e+00,3.102268600463867188e+01,2.094786834716796875e+01,-1.645888328552246094e+01,-4.924925804138183594e+00,-2.074975967407226562e+00,3.198552131652832031e+00,2.720097064971923828e+00,3.361592769622802734e+00,1.119432210922241211e+00,-2.688165283203125000e+01,-1.396986484527587891e+01
-1.504953765869140625e+02,5.067627334594726562e+01,-6.702194976806640625e+01,6.244242477416992188e+01,-4.186524200439453125e+01,-5.828550720214843750e+01,-3.722455263137817383e+00,-3.946416854858398438e+01,1.880307769775390625e+01,-5.435017108917236328e+00,-4.507195353507995605e-01,1.587992000579833984e+01,1.085733604431152344e+01,7.735342025756835938e+00,4.637298583984375000e+01,3.953993606567382812e+01,6.997320652008056641e+00,-5.212505459785461426e-01,-3.164406394958496094e+01,-1.411655616760253906e+01,-8.490825653076171875e+00,1.844678497314453125e+01,-1.535070991516113281e+01,-1.958983802795410156e+01,-1.669495773315429688e+01,9.966093063354492188e+00,-1.370333003997802734e+01,-3.101442098617553711e+00,-4.860524177551269531e+00,3.239923095703125000e+01,2.045250511169433594e+01,-2.021499252319335938e+01,-6.780343055725097656e+00,-1.846391677856445312e+00,6.146977424621582031e+00,-4.179120063781738281e-02,-1.070764541625976562e+00,-1.137056589126586914e+00,-2.888138389587402344e+01,-9.287037849426269531e+00
-1.554284667968750000e+02,5.114232254028320312e+01,-7.127555847167968750e+01,6.305655288696289062e+01,-4.045715713500976562e+01,-5.659703826904296875e+01,-1.882205963134765625e+00,-4.823749542236328125e+01,1.621085739135742188e+01,-6.044221401214599609e+00,1.780168175697326660e+00,1.434042930603027344e+01,1.133710384368896484e+01,8.555347442626953125e+00,4.404353332519531250e+01,3.862000274658203125e+01,5.927011489868164062e+00,1.191231846809387207e+00,-3.009555053710937500e+01,-9.707689285278320312e+00,-8.526309013366699219e+00,1.661913490295410156e+01,-1.959245681762695312e+01,-2.175337409973144531e+01,-1.232239818572998047e+01,1.132741165161132812e+01,-1.140161323547363281e+01,-1.343352794647216797e+00,-7.070501327514648438e+00,2.913580131530761719e+01,1.506023216247558594e+01,-2.387646102905273438e+01,-1.000230312347412109e+00,1.877967715263366699e+00,6.835346221923828125e+00,-4.040734767913818359e-01,-6.072137832641601562e+00,-5.330952644348144531e+00,-3.056036567687988281e+01,-3.465899944305419922e+00
-1.625605163574218750e+02,5.036037445068359375e+01,-7.399310302734375000e+01,6.073626708984375000e+01,-3.881348419189453125e+01,-5.762206268310546875e+01,-7.207777976989746094e+00,-4.471945953369140625e+01,2.099388885498046875e+01,-7.773688316345214844e+00,2.769623994827270508e+00,1.101665878295898438e+01,9.277694702148437500e+00,1.304174613952636719e+01,5.151292419433593750e+01,4.189403915405273438e+01,1.113224267959594727e+00,-3.189841985702514648e+00,-3.037890243530273438e+01,-5.281841754913330078e+00,-6.146752834320068359e+00,1.817037200927734375e+01,-1.767733001708984375e+01,-2.609574508666992188e+01,-1.272959709167480469e+01,1.460903930664062500e+01,-1.046690368652343750e+01,-4.923141002655029297e-01,-8.608472824096679688e+00,3.284031677246093750e+01,1.239024639129638672e+01,-2.759235000610351562e+01,-1.679995775222778320e+00,3.808313846588134766e+00,9.821861267089843750e+00,-2.459740638732910156e-01,-7.401835918426513672e+00,-9.390328407287597656e+00,-3.192745590209960938e+01,-4.819319725036621094e+00
-1.692824401855468750e+02,4.850727081298828125e+01,-7.317953491210937500e+01,6.159452056884765625e+01,-3.836704635620117188e+01,-5.701940155029296875e+01,-6.141047954559326172e+00,-4.449040222167968750e+01,2.449961853027343750e+01,-8.759037971496582031e+00,4.857122421264648438e+00,9.691246032714843750e+00,7.450522899627685547e+00,1.601963424682617188e+01,5.326397705078125000e+01,4.097832489013671875e+01,1.513298511505126953e+00,-1.991761565208435059e+00,-3.205771636962890625e+01,-1.872936487197875977e-01,-3.884863615036010742e+00,1.487364196777343750e+01,-1.684168243408203125e+01,-2.774601173400878906e+01,-1.562130260467529297e+01,1.165290832519531250e+01,-1.000942993164062500e+01,-2.296571493148803711e+00,-5.956341266632080078e+00,3.268832397460937500e+01,9.809843063354492188e+00,-2.771518707275390625e+01,-1.052810668945312500e+00,3.052641153335571289e+00,7.373125076293945312e+00,-6.093865871429443359e+00,-6.469918727874755859e+00,-1.181205272674560547e+01,-2.965307235717773438e+01,1.951352834701538086e+00
-1.761157226562500000e+02,4.598482513427734375e+01,-7.173775482177734375e+01,6.319599151611328125e+01,-3.765380859375000000e+01,-5.179888153076171875e+01,-2.644716739654541016e+00,-4.518279266357421875e+01,2.388112449645996094e+01,-1.079184627532958984e+01,5.280983448028564453e+00,1.331019783020019531e+01,8.777194023132324219e+00,1.460296058654785156e+01,5.126470947265625000e+01,3.882528305053710938e+01,1.519686460494995117e+00,-4.179512023925781250e+00,-3.171735763549804688e+01,-1.418036937713623047e+00,-2.877745628356933594e+00,1.415385341644287109e+01,-1.522007179260253906e+01,-2.676458930969238281e+01,-1.777884101867675781e+01,1.016340827941894531e+01,-1.117217731475830078e+01,2.545872926712036133e+00,2.747658789157867432e-01,3.489277267456054688e+01,8.553125381469726562e+00,-2.815529441833496094e+01,-4.239921092987060547e+00,1.816046237945556641e+00,6.682263612747192383e-01,-8.207653999328613281e+00,-6.311530113220214844e+00,-1.085107231140136719e+01,-2.740976333618164062e+01,3.623705625534057617e+00
-1.746993865966796875e+02,4.611148834228515625e+01,-6.955909729003906250e+01,6.468563842773437500e+01,-3.951688385009765625e+01,-5.475260543823242188e+01,1.768261194229125977e+00,-4.026169967651367188e+01,2.755149650573730469e+01,-5.658699989318847656e+00,4.438828468322753906e+00,9.478495597839355469e+00,9.169488906860351562e+00,9.294099807739257812e+00,4.762631988525390625e+01,3.991581344604492188e+01,-3.485141992568969727e+00,-7.525467872619628906e+00,-3.384352874755859375e+01,-3.770464658737182617e+00,-3.675980091094970703e+00,1.274055194854736328e+01,-1.490388774871826172e+01,-2.193279647827148438e+01,-1.399454116821289062e+01,1.318275737762451172e+01,-1.436458873748779297e+01,4.218582153320312500e+00,9.799623489379882812e-02,3.344097900390625000e+01,9.096931457519531250e+00,-2.905493545532226562e+01,-1.009113311767578125e+01,3.045700490474700928e-01,-5.455730438232421875e+00,-1.005819320678710938e+01,-1.099445223808288574e-01,-5.866950035095214844e+00,-2.678448104858398438e+01,3.020847320556640625e+00
-1.437314453125000000e+02,6.016162872314453125e+01,-6.701316833496093750e+01,5.006226348876953125e+01,-4.682814025878906250e+01,-5.496783447265625000e+01,8.983486294746398926e-01,-3.691936492919921875e+01,2.297095108032226562e+01,-3.737479686737060547e+00,-6.382870197296142578e+00,4.028787612915039062e+00,9.158952713012695312e+00,9.276255607604980469e+00,3.311243820190429688e+01,2.827137947082519531e+01,-4.335730552673339844e+00,-4.061713218688964844e+00,-2.424216270446777344e+01,-2.944809436798095703e+00,-1.547492980957031250e+00,9.799551963806152344e+00,-1.301597595214843750e+01,-2.140616226196289062e+01,-1.329929637908935547e+01,1.289027786254882812e+01,-9.176710128784179688e+00,4.441604614257812500e+00,-7.502943873405456543e-01,3.339740753173828125e+01,1.072428894042968750e+01,-2.586999893188476562e+01,-1.352131462097167969e+01,4.105367183685302734e+00,-6.782576084136962891e+00,-8.632236480712890625e+00,3.405709743499755859e+00,-2.321056723594665527e-01,-2.327659797668457031e+01,-2.076968669891357422e+00
-1.135662307739257812e+02,6.924950408935546875e+01,-5.031781768798828125e+01,3.985875320434570312e+01,-4.378115844726562500e+01,-4.286331176757812500e+01,3.984421968460083008e+00,-3.272557067871093750e+01,5.600986480712890625e+00,-6.626249313354492188e+00,-1.912127304077148438e+01,8.341535568237304688e+00,4.406625747680664062e+00,4.656374931335449219e+00,2.880157470703125000e+01,1.527474975585937500e+01,-3.974319458007812500e+00,-3.304696321487426758e+00,-1.345335197448730469e+01,-6.343488693237304688e+00,-6.852010488510131836e-01,6.313088417053222656e+00,-6.710222244262695312e+00,-1.773613357543945312e+01,-5.810879707336425781e+00,1.246965217590332031e+01,-3.554282665252685547e+00,1.779309034347534180e+00,1.645526885986328125e+00,2.449851799011230469e+01,1.135488700866699219e+01,-2.132327079772949219e+01,-9.790101051330566406e+00,6.083404541015625000e+00,-4.790568351745605469e+00,-3.131385326385498047e+00,6.905396580696105957e-01,1.900235533714294434e+00,-1.430748081207275391e+01,-4.214911460876464844e+00

Feature: rms
7.789833843708038330e-02
9.559960663318634033e-02
1.192513927817344666e-01
1.336706727743148804e-01
1.508806347846984863e-01
1.811266988515853882e-01
1.891411393880844116e-01
1.943957209587097168e-01
1.844352483749389648e-01
1.605487465858459473e-01
1.531191766262054443e-01
1.561606377363204956e-01
1.554645299911499023e-01
1.572207510471343994e-01
1.433700174093246460e-01
1.086733117699623108e-01

Feature: spectral_centroid
2.583595811805320864e+03
2.516801018812507209e+03
2.627005449018735817e+03
2.734409092025188329e+03
2.697702053816115495e+03
2.628606806975740255e+03
2.454404749737662314e+03
2.504696562119797363e+03
2.739662683564874442e+03
2.868056092256585998e+03
2.753127132207259820e+03
2.774431512653591199e+03
2.764050695210797130e+03
2.846341680341074152e+03
2.754758968271225967e+03
2.732035578104408614e+03

Feature: spectral_bandwidth
1.923846701433971020e+03
1.809614784892159832e+03
1.739326573953454044e+03
1.744624771310185906e+03
1.812234914645099479e+03
1.828729279276341003e+03
1.800820804342772590e+03
1.792680248833130690e+03
1.757001463907642801e+03
1.746191354688817000e+03
1.754684152874479651e+03
1.765911755020746341e+03
1.798912828726357247e+03
1.763525229970204691e+03
1.808992093204724824e+03
1.958327351228400630e+03

Feature: spectral_contrast
1.660318220304057846e+01,1.343264211390952845e+01,1.958320498990229197e+01,1.927111294584886281e+01,1.467597582271408996e+01,2.353533485246785517e+01,2.066478166794794191e+01
1.302884579357050754e+01,2.645293268779191820e+01,2.028689852201683408e+01,2.591982733029421127e+01,1.650848593619151572e+01,2.845749812724774941e+01,2.438809789093791380e+01
1.066830740502550334e+01,1.656799506656875209e+01,1.904345604621290278e+01,2.409172833200346275e+01,1.793195924250754203e+01,2.865645697556050919e+01,4.914313562519512146e+01
8.622797719652654180e+00,2.973170545346174265e+01,2.152079587064135069e+01,2.754103730696144936e+01,2.340071862579351247e+01,2.814368456414193531e+01,4.987718359011177682e+01
6.979308657985569653e+00,1.373706856383181574e+01,1.894020008136743982e+01,2.670907999192571225e+01,2.140748424176300801e+01,2.829741812551789337e+01,5.281267941574520819e+01
1.465544783554844699e+01,1.544133357128938577e+01,2.807553274584308411e+01,3.006956919756942881e+01,2.219035493710445905e+01,2.916051880696438303e+01,5.202393162346525202e+01
1.331455515021752056e+01,1.786342233734373508e+01,2.540069175255721490e+01,2.802957087232996614e+01,2.552438096264734924e+01,3.012344421850489340e+01,5.103513003885579735e+01
1.146096987284600388e+01,1.566502168294900699e+01,2.643490566050529722e+01,3.282518934956724621e+01,2.798896008262449797e+01,2.982287837644873107e+01,5.045697330003357450e+01
1.374150374964903421e+01,2.124435672276207043e+01,3.051971818861665753e+01,2.786407358868920170e+01,2.977052364710695187e+01,3.260753904942563963e+01,5.167198041881591308e+01
2.047035194069780673e+01,1.825109622087995120e+01,2.691526266838997117e+01,2.887639366834731547e+01,2.235463211206791811e+01,3.338359935254229782e+01,5.271664008125486589e+01
1.406776594975796435e+01,1.513152286130748081e+01,2.509145017733841243e+01,3.073330257966584256e+01,2.640797014763436934e+01,3.305408288625517343e+01,4.896653473458256656e+01
1.918523258705906542e+01,1.414937308896641710e+01,2.904096847348640864e+01,3.182870186345322594e+01,2.812849691291324561e+01,3.108822387157799483e+01,4.903640460565409853e+01
1.771578535775151764e+01,1.132862226175958043e+01,2.756663170200602408e+01,2.825923995408299660e+01,2.751302261789079751e+01,3.048804994255782930e+01,5.311612990045527738e+01
1.271117316313183920e+01,8.561551454029221020e+00,2.576288122259378355e+01,2.964907030786885755e+01,2.712148977217406554e+01,3.057026274910341002e+01,5.416372301651335874e+01
1.281238258225644522e+01,7.342499004064593215e+00,2.194146988478729554e+01,2.375863900614356083e+01,2.488615997388007628e+01,3.001669244904500644e+01,2.006711671248009310e+01
8.459868339584232899e+00,4.843506159874184647e+00,2.474888721383606693e+01,1.771446517189966485e+01,2.245628412431133114e+01,2.723557180086311647e+01,1.140137475980010962e+01

Feature: spectral_flatness
9.309050627052783966e-03
4.991747904568910599e-03
4.659652709960937500e-03
4.857745487242937088e-03
3.766295965760946274e-03
2.131879096850752831e-03
1.234141411259770393e-03
1.246384927071630955e-03
1.462164334952831268e-03
1.693570171482861042e-03
1.727092778310179710e-03
1.509345136582851410e-03
1.003032433800399303e-03
1.172943972051143646e-03
3.858565585687756538e-03
1.202883478254079819e-02

Feature: spectral_rolloff
4.252807617187500000e+03
4.155908203125000000e+03
4.155908203125000000e+03
4.198974609375000000e+03
4.317407226562500000e+03
4.274340820312500000e+03
4.134375000000000000e+03
4.123608398437500000e+03
4.220507812500000000e+03
4.263574218750000000e+03
4.274340820312500000e+03
4.328173828125000000e+03
4.338940429687500000e+03
4.317407226562500000e+03
4.285107421875000000e+03
4.317407226562500000e+03

Feature: poly_features
-2.166507370277413627e-04,1.945007834011245995e+00
-3.596656473180110487e-04,3.201152975086579477e+00
-4.010136401777302483e-04,3.621052457195153007e+00
-4.084703167605731452e-04,3.743928249083996906e+00
-4.286918111647934084e-04,3.908849762754963653e+00
-4.337756236635725675e-04,3.917732120211524727e+00
-4.773740709843130731e-04,4.215801771277862819e+00
-4.460666380244855743e-04,3.964071073574777060e+00
-4.060148278067050799e-04,3.724232179924981345e+00
-3.761169610734311402e-04,3.516828541346459502e+00
-3.592327913181151658e-04,3.301532740322851822e+00
-3.419751320910195506e-04,3.152712649387697130e+00
-3.422084666595706193e-04,3.150072934731995122e+00
-3.393029069669735139e-04,3.161998244962638704e+00
-3.539146974420441538e-04,3.253426997764556461e+00
-3.684027110695527272e-04,3.375530544302033142e+00

Feature: tonnetz
-6.817630794554964402e-02,-3.474354058718395061e-02,-9.540345892310214682e-02,1.132898032665245330e-01,-2.916027128493603113e-02,3.491223510354757309e-02
-5.445535599145799599e-02,2.024255056451027338e-02,-1.658506523817783185e-01,5.327071994542143148e-03,1.951999022528652303e-02,7.282921159639968445e-02
-1.262823095978675980e-01,1.158952372119810004e-01,-1.169369909912351679e-01,-1.874937694519766551e-01,7.342062809631093312e-02,5.295920325443181226e-02
-1.880140404853696823e-01,1.986548913644608227e-01,-5.469882301986245254e-02,-3.196872659027582553e-01,8.970568494124638026e-02,-3.721883753314571275e-02
-2.799968267081683337e-01,2.022501090845005289e-01,3.385407850146071596e-03,-4.185459725558762223e-01,1.103394209486169980e-01,-8.387202490121076215e-02
-3.132602579160313483e-01,2.031410109442513545e-01,6.024815142154527070e-03,-4.598117005079989106e-01,1.178821333911706376e-01,-9.786262176930853041e-02
-2.629151629569011495e-01,1.889666936637209027e-01,3.997303918004022072e-02,-5.089502884075048916e-01,8.679456122745146662e-02,-1.153641946148122599e-01
-1.730328214297101042e-01,1.054106333301362830e-01,7.907392270863043693e-02,-4.613022357225421977e-01,5.284966579829042388e-02,-1.161588570103045531e-01
-1.427583580130534768e-01,-6.108316630599822106e-02,1.835284307599065190e-01,-3.166113849729302321e-01,1.681098970945423682e-03,-1.104114349000153983e-01
-7.214940511273187917e-02,-9.015405383288424557e-02,1.662966925650831707e-01,-2.146676648408178123e-01,-6.868663627593278587e-02,-8.588109351694581117e-02
2.821066549328300060e-02,-1.359153357751264335e-01,2.019829358905551320e-01,-1.970777530223134788e-01,-8.826386647782041850e-02,-4.510332178324463759e-02
1.041306040846451571e-02,-1.795800151166081216e-01,2.371848244220015889e-01,-2.446543145924809926e-01,-9.556840338499660026e-02,-6.073230598121886342e-02
-6.325331059751392038e-02,-1.038131310307321836e-01,2.962121143937109236e-01,-3.206051765009762522e-01,-7.078884617929921685e-02,-9.080099989660080084e-02
-2.662752690935007993e-02,-1.487909830968678071e-01,3.103767987340686485e-01,-2.712585572153330959e-01,-1.052048202683450034e-01,-1.180695910006761967e-01
-8.789479226913976539e-03,-1.422338228663299897e-01,2.822887413203714613e-01,-2.692643180489542321e-01,-7.992742754267262439e-02,-1.237618373706936836e-01
1.804996080363325541e-04,-7.828038141821397344e-02,1.911894604563710853e-01,-2.293098252266648762e-01,-6.038650414441329439e-02,-8.668089704588051447e-02

Feature: zero_crossing_rate
8.740234375000000000e-02
1.484375000000000000e-01
2.094726562500000000e-01
2.104492187500000000e-01
1.889648437500000000e-01
1.577148437500000000e-01
1.464843750000000000e-01
1.542968750000000000e-01
1.855468750000000000e-01
2.011718750000000000e-01
1.953125000000000000e-01
1.972656250000000000e-01
1.923828125000000000e-01
2.001953125000000000e-01
1.689453125000000000e-01
1.162109375000000000e-01

