Feature: chroma_stft
3.219859004020690918e-01,2.249261923134326935e-02,8.046778850257396698e-03,9.148791432380676270e-03,1.155407819896936417e-02,6.028237752616405487e-03,5.224096588790416718e-03,5.593652836978435516e-03,7.340393494814634323e-03,2.665266394615173340e-02,3.278475999832153320e-01,1.000000000000000000e+00
2.790662348270416260e-01,6.397533230483531952e-03,1.606881152838468552e-03,2.170513849705457687e-03,4.093832802027463913e-03,2.352801617234945297e-03,2.901418600231409073e-03,2.221827628090977669e-03,3.031931584700942039e-03,8.074064739048480988e-03,1.931574940681457520e-01,1.000000000000000000e+00
2.291283458471298218e-01,3.445252776145935059e-03,7.222226122394204140e-04,9.506066562607884407e-04,1.347725978121161461e-03,2.074530348181724548e-03,3.656138200312852859e-03,1.628677942790091038e-03,2.704205689951777458e-03,8.501881733536720276e-03,1.811763048171997070e-01,1.000000000000000000e+00
1.942467838525772095e-01,2.057381207123398781e-03,3.567163657862693071e-04,3.063163312617689371e-04,2.050849579973146319e-04,7.742633461020886898e-04,2.937276381999254227e-03,1.012873952277004719e-03,1.482417574152350426e-03,5.267048720270395279e-03,2.119192183017730713e-01,1.000000000000000000e+00
1.846699416637420654e-01,1.686804345808923244e-03,2.856648061424493790e-04,3.315414069220423698e-04,1.619121321709826589e-04,5.435919156298041344e-04,2.724986523389816284e-03,9.224937530234456062e-04,1.359781599603593349e-03,3.973060753196477890e-03,2.071248590946197510e-01,1.000000000000000000e+00
1.533457487821578979e-01,1.609992235898971558e-03,3.154086589347571135e-04,5.274426657706499100e-04,4.672517825383692980e-04,6.636644247919321060e-04,4.100656136870384216e-03,1.335271750576794147e-03,1.136376522481441498e-03,4.385218489915132523e-03,2.341075837612152100e-01,1.000000000000000000e+00
2.373555749654769897e-01,3.365360200405120850e-03,3.293601912446320057e-04,4.637345555238425732e-04,3.051837556995451450e-04,4.740704316645860672e-04,2.926728455349802971e-03,1.298594637773931026e-03,6.767577142454683781e-04,2.926492597907781601e-03,1.938729584217071533e-01,1.000000000000000000e+00
4.490673840045928955e-01,1.360539626330137253e-02,6.817169487476348877e-04,1.026634592562913895e-03,5.737871397286653519e-04,9.134305291809141636e-04,1.720916479825973511e-02,1.314938534051179886e-02,1.151223899796605110e-03,3.958373330533504486e-03,1.583633869886398315e-01,1.000000000000000000e+00
9.255940318107604980e-01,5.166411772370338440e-02,1.346293254755437374e-03,2.097247866913676262e-03,1.719086081720888615e-03,2.149255713447928429e-03,4.840973764657974243e-02,4.442019015550613403e-02,2.006435068324208260e-03,6.441540084779262543e-03,1.431278735399246216e-01,1.000000000000000000e+00
8.253534436225891113e-01,3.046707622706890106e-02,6.468672654591500759e-04,7.190737524069845676e-04,6.263253744691610336e-04,7.107438868843019009e-04,1.458935998380184174e-02,1.632267050445079803e-02,8.461026591248810291e-04,4.001460969448089600e-03,6.654714047908782959e-02,1.000000000000000000e+00
1.000000000000000000e+00,6.210301816463470459e-02,2.479184651747345924e-03,8.082669810391962528e-04,6.756688817404210567e-04,3.655435284599661827e-04,9.342220611870288849e-03,1.573891565203666687e-02,1.339049427770078182e-03,6.004647351801395416e-03,5.077543854713439941e-02,8.947193622589111328e-01
1.000000000000000000e+00,2.073516845703125000e-01,1.293915603309869766e-02,1.721009961329400539e-03,1.860559219494462013e-03,8.146284963004291058e-04,2.154858782887458801e-02,3.744954615831375122e-02,3.663562005385756493e-03,1.148202270269393921e-02,6.377307325601577759e-02,4.349220693111419678e-01
1.000000000000000000e+00,2.043921202421188354e-01,1.049899589270353317e-02,3.862957004457712173e-03,4.745609592646360397e-03,2.150686457753181458e-03,4.120140150189399719e-02,8.569234609603881836e-02,6.592216435819864273e-03,1.308998651802539825e-02,6.211462244391441345e-02,4.637961387634277344e-01
1.000000000000000000e+00,1.209489405155181885e-01,2.975782845169305801e-03,1.936846761964261532e-03,2.288737334311008453e-03,1.767011708579957485e-03,2.838836237788200378e-02,5.581812560558319092e-02,4.057674203068017960e-03,4.094746895134449005e-03,3.336917236447334290e-02,5.656602382659912109e-01
1.000000000000000000e+00,9.436227381229400635e-02,6.492277607321739197e-03,3.989031538367271423e-03,3.722745925188064575e-03,5.633729044348001480e-03,4.812708869576454163e-02,5.940947309136390686e-02,4.814601037651300430e-03,9.535433724522590637e-03,6.633155792951583862e-02,7.174146175384521484e-01
1.000000000000000000e+00,1.810606718063354492e-01,3.229121863842010498e-02,1.673474349081516266e-02,1.393054332584142685e-02,1.649182662367820740e-02,8.045154064893722534e-02,7.598558813333511353e-02,1.614166051149368286e-02,3.288146853446960449e-02,1.801772862672805786e-01,9.181624650955200195e-01

Feature: chroma_cqt
4.759702384471893311e-01,1.407944262027740479e-01,1.119858697056770325e-01,1.184624731540679932e-01,1.342661231756210327e-01,1.145508438348770142e-01,1.036411002278327942e-01,9.651083499193191528e-02,1.085060089826583862e-01,1.348533779382705688e-01,2.974470853805541992e-01,1.000000000000000000e+00
3.615576326847076416e-01,6.946302205324172974e-02,5.594206973910331726e-02,6.711744517087936401e-02,7.805620878934860229e-02,6.699644774198532104e-02,7.616350054740905762e-02,7.079733908176422119e-02,9.091355651617050171e-02,8.494538068771362305e-02,1.724694371223449707e-01,1.000000000000000000e+00
2.260757982730865479e-01,3.056183829903602600e-02,2.814779616892337799e-02,4.346242547035217285e-02,4.031904041767120361e-02,5.995283275842666626e-02,5.300815775990486145e-02,4.673566296696662903e-02,5.328304693102836609e-02,7.424500584602355957e-02,1.623319983482360840e-01,1.000000000000000000e+00
1.860920488834381104e-01,1.710432395339012146e-02,2.331003919243812561e-02,2.435768023133277893e-02,2.060176990926265717e-02,2.536831051111221313e-02,5.655413120985031128e-02,4.040862247347831726e-02,2.867093123495578766e-02,5.126076191663742065e-02,8.077710866928100586e-02,1.000000000000000000e+00
1.531394124031066895e-01,1.426137331873178482e-02,2.040965110063552856e-02,2.006089687347412109e-02,1.835123822093009949e-02,2.003083378076553345e-02,3.066923469305038452e-02,2.325136773288249969e-02,2.850885689258575439e-02,4.419751837849617004e-02,6.210484355688095093e-02,1.000000000000000000e+00
1.065548509359359741e-01,1.462314464151859283e-02,1.192432735115289688e-02,1.618688367307186127e-02,2.493480965495109558e-02,2.231199853122234344e-02,4.519269987940788269e-02,2.968859113752841949e-02,1.816990599036216736e-02,3.800454735755920410e-02,4.798534139990806580e-02,1.000000000000000000e+00
2.901442945003509521e-01,1.397742517292499542e-02,1.465708389878273010e-02,1.672307215631008148e-02,1.640965603291988373e-02,1.939636468887329102e-02,2.794455178081989288e-02,2.325543947517871857e-02,1.809052377939224243e-02,2.174051478505134583e-02,3.270471841096878052e-02,1.000000000000000000e+00
7.024224996566772461e-01,3.234984353184700012e-02,1.982310786843299866e-02,2.107805758714675903e-02,2.639809995889663696e-02,1.396457012742757797e-02,5.413199588656425476e-02,6.801728159189224243e-02,2.444096654653549194e-02,4.758229851722717285e-02,8.710973709821701050e-02,1.000000000000000000e+00
1.000000000000000000e+00,4.882714152336120605e-02,2.052766643464565277e-02,2.582147531211376190e-02,3.861819952726364136e-02,1.859748922288417816e-02,6.978508830070495605e-02,1.272339075803756714e-01,2.447560988366603851e-02,3.607271984219551086e-02,9.559163451194763184e-02,7.345127463340759277e-01
1.000000000000000000e+00,5.606130138039588928e-02,1.975846104323863983e-02,1.859676837921142578e-02,2.811452932655811310e-02,1.067273132503032684e-02,3.263600915670394897e-02,1.015028282999992371e-01,1.973415352404117584e-02,2.411371655762195587e-02,6.670520454645156860e-02,6.488240361213684082e-01
1.000000000000000000e+00,1.082147583365440369e-01,3.148376196622848511e-02,1.576367579400539398e-02,2.067850343883037567e-02,9.238977916538715363e-03,2.365781739354133606e-02,7.390480488538742065e-02,1.975897699594497681e-02,3.260505944490432739e-02,4.467631876468658447e-02,4.764172434806823730e-01
1.000000000000000000e+00,3.307820558547973633e-01,5.841440707445144653e-02,1.810342073440551758e-02,2.716725505888462067e-02,1.416722498834133148e-02,4.397219419479370117e-02,1.314720660448074341e-01,3.151024505496025085e-02,6.224651262164115906e-02,7.041119039058685303e-02,4.398520588874816895e-01
1.000000000000000000e+00,3.629090785980224609e-01,6.583633273839950562e-02,3.065537102520465851e-02,6.043590232729911804e-02,1.726335845887660980e-02,3.070762194693088531e-02,1.620753258466720581e-01,2.786631882190704346e-02,4.577286913990974426e-02,7.847407460212707520e-02,4.533897340297698975e-01
1.000000000000000000e+00,1.817955970764160156e-01,3.415571898221969604e-02,3.106945939362049103e-02,3.220213204622268677e-02,2.074660547077655792e-02,4.111411422491073608e-02,1.183582991361618042e-01,2.819036133587360382e-02,2.036968991160392761e-02,3.971553966403007507e-02,3.269686698913574219e-01
1.000000000000000000e+00,2.107386887073516846e-01,7.950478792190551758e-02,6.550271064043045044e-02,6.449539959430694580e-02,4.868863523006439209e-02,7.297791540622711182e-02,1.112161725759506226e-01,6.887722015380859375e-02,9.565889090299606323e-02,1.390712410211563110e-01,3.665819466114044189e-01
1.000000000000000000e+00,3.492377102375030518e-01,1.884547173976898193e-01,1.504953056573867798e-01,1.430786550045013428e-01,1.298686712980270386e-01,1.853616237640380859e-01,2.530018091201782227e-01,1.369382739067077637e-01,1.631793379783630371e-01,2.482924908399581909e-01,6.288600564002990723e-01

Feature: chroma_cens
5.993134975433349609e-01,6.417420506477355957e-02,4.032822791486978531e-03,0.000000000000000000e+00,0.000000000000000000e+00,0.000000000000000000e+00,4.032822791486978531e-03,5.678767710924148560e-02,0.000000000000000000e+00,0.000000000000000000e+00,1.148427054286003113e-01,7.875651121139526367e-01
6.107832193374633789e-01,7.105240225791931152e-02,4.979383200407028198e-03,0.000000000000000000e+00,0.000000000000000000e+00,0.000000000000000000e+00,4.979383200407028198e-03,6.117490679025650024e-02,0.000000000000000000e+00,0.000000000000000000e+00,1.101113259792327881e-01,7.784464955329895020e-01
6.216138601303100586e-01,7.768826186656951904e-02,5.942396353930234909e-03,0.000000000000000000e+00,0.000000000000000000e+00,0.000000000000000000e+00,5.942396353930234909e-03,6.536093354225158691e-02,0.000000000000000000e+00,0.000000000000000000e+00,1.058122515678405762e-01,7.694295644760131836e-01
6.318927407264709473e-01,8.411514759063720703e-02,6.918054074048995972e-03,0.000000000000000000e+00,0.000000000000000000e+00,0.000000000000000000e+00,6.918054074048995972e-03,6.937471032142639160e-02,0.000000000000000000e+00,0.000000000000000000e+00,1.018746718764305115e-01,7.604926824569702148e-01
6.417040824890136719e-01,9.037017077207565308e-02,7.905759848654270172e-03,0.000000000000000000e+00,0.000000000000000000e+00,0.000000000000000000e+00,7.905759848654270172e-03,7.324513047933578491e-02,0.000000000000000000e+00,0.000000000000000000e+00,9.824078530073165894e-02,7.516036033630371094e-01
6.511268615722656250e-01,9.649192541837692261e-02,8.907166309654712677e-03,0.000000000000000000e+00,0.000000000000000000e+00,0.000000000000000000e+00,8.907166309654712677e-03,7.700018584728240967e-02,0.000000000000000000e+00,0.000000000000000000e+00,9.486347436904907227e-02,7.427222728729248047e-01
6.602340340614318848e-01,1.025194004178047180e-01,9.925579652190208435e-03,0.000000000000000000e+00,0.000000000000000000e+00,0.000000000000000000e+00,9.925579652190208435e-03,8.066661655902862549e-02,0.000000000000000000e+00,0.000000000000000000e+00,9.170429408550262451e-02,7.338030934333801270e-01
6.690929532051086426e-01,1.084915548563003540e-01,1.096563506871461868e-02,0.000000000000000000e+00,0.000000000000000000e+00,0.000000000000000000e+00,1.096563506871461868e-02,8.426993340253829956e-02,0.000000000000000000e+00,0.000000000000000000e+00,8.873216062784194946e-02,7.247957587242126465e-01
6.777658462524414062e-01,1.144473552703857422e-01,1.203313283622264862e-02,0.000000000000000000e+00,0.000000000000000000e+00,0.000000000000000000e+00,1.203313283622264862e-02,8.783456683158874512e-02,0.000000000000000000e+00,0.000000000000000000e+00,8.592228591442108154e-02,7.156452536582946777e-01
6.863104104995727539e-01,1.204260811209678650e-01,1.313500199466943741e-02,0.000000000000000000e+00,0.000000000000000000e+00,0.000000000000000000e+00,1.313500199466943741e-02,9.138412028551101685e-02,0.000000000000000000e+00,0.000000000000000000e+00,8.325560390949249268e-02,7.062917351722717285e-01
6.947802901268005371e-01,1.264675706624984741e-01,1.427936181426048279e-02,0.000000000000000000e+00,0.000000000000000000e+00,0.000000000000000000e+00,1.427936181426048279e-02,9.494154900312423706e-02,0.000000000000000000e+00,0.000000000000000000e+00,8.071851730346679688e-02,6.966699957847595215e-01
7.032256126403808594e-01,1.326127946376800537e-01,1.547564752399921417e-02,0.000000000000000000e+00,0.000000000000000000e+00,0.000000000000000000e+00,1.547564752399921417e-02,9.852939099073410034e-02,0.000000000000000000e+00,0.000000000000000000e+00,7.830314338207244873e-02,6.867089271545410156e-01
7.116930484771728516e-01,1.389040052890777588e-01,1.673482172191143036e-02,0.000000000000000000e+00,0.000000000000000000e+00,0.000000000000000000e+00,1.673482172191143036e-02,1.021698191761970520e-01,0.000000000000000000e+00,0.000000000000000000e+00,7.600797712802886963e-02,6.763303279876708984e-01
7.202251553535461426e-01,1.453849822282791138e-01,1.806963607668876648e-02,0.000000000000000000e+00,0.000000000000000000e+00,0.000000000000000000e+00,1.806963607668876648e-02,1.058844774961471558e-01,0.000000000000000000e+00,0.000000000000000000e+00,7.383928447961807251e-02,6.654488444328308105e-01
7.288593053817749023e-01,1.521008312702178955e-01,1.949495077133178711e-02,0.000000000000000000e+00,0.000000000000000000e+00,0.000000000000000000e+00,1.949495077133178711e-02,1.096941083669662476e-01,0.000000000000000000e+00,0.000000000000000000e+00,7.181338220834732056e-02,6.539719700813293457e-01
7.376252412796020508e-01,1.590970158576965332e-01,2.102806977927684784e-02,0.000000000000000000e+00,0.000000000000000000e+00,0.000000000000000000e+00,2.102806977927684784e-02,1.136175021529197693e-01,0.000000000000000000e+00,0.000000000000000000e+00,6.996027380228042603e-02,6.418017148971557617e-01

Feature: melspectrogram
3.032069206237792969e-01,3.255956172943115234e-01,3.308243751525878906e-01,3.306071758270263672e-01,3.700239360332489014e-01,3.715423047542572021e-01,4.159375429153442383e-01,4.824820160865783691e-01,5.007792711257934570e-01,6.545139551162719727e-01,6.308678984642028809e-01,7.966057658195495605e-01,9.787974357604980469e-01,1.370829343795776367e+00,2.409460783004760742e+00,3.360164880752563477e+00,8.331820487976074219e+00,1.180087203979492188e+02,5.739131469726562500e+02,2.746425170898437500e+02,1.173400974273681641e+01,4.368535995483398438e+00,2.241633415222167969e+00,2.799160242080688477e+00,4.089655399322509766e+00,3.998581171035766602e+00,9.262308478355407715e-01,3.442312777042388916e-01,2.430105954408645630e-01,9.134931862354278564e-02,6.510258466005325317e-02,5.315458029508590698e-02,8.410654962062835693e-02,1.333181411027908325e-01,5.745413899421691895e-01,8.556702136993408203e-01,5.653636455535888672e-01,2.236729860305786133e+00,4.702213287353515625e+00,1.264742255210876465e+00,8.633206039667129517e-02,3.595822304487228394e-02,1.981623843312263489e-02,2.034014649689197540e-02,2.023336291313171387e-02,2.088208869099617004e-02,1.547810900956392288e-02,1.376582495868206024e-02,1.724660582840442657e-02,2.304789423942565918e-02,3.382087498903274536e-02,6.095307320356369019e-02,1.019303873181343079e-02,2.949789911508560181e-02,6.462029647082090378e-03,6.354615907184779644e-04,1.128434436395764351e-03,1.712747034616768360e-03,1.784222666174173355e-03,9.068455547094345093e-03,3.353749960660934448e-02,5.052272602915763855e-02,6.608998775482177734e-02,8.700210601091384888e-02,8.931180089712142944e-02,6.370981689542531967e-03,2.654237439855933189e-03,5.282468628138303757e-04,9.136803564615547657e-04,5.711651872843503952e-03,1.468279305845499039e-02,1.186999119818210602e-02,6.645478308200836182e-02,4.526532441377639771e-02,5.451725795865058899e-03,9.943440556526184082e-03,2.779294364154338837e-02,8.201630413532257080e-02,2.798039317131042480e-01,3.047072887420654297e-01,1.687118411064147949e-01,8.398631960153579712e-02,9.308165311813354492e-02,7.923241704702377319e-02,3.679376840591430664e-01,2.786184251308441162e-01,7.617964595556259155e-02,1.348849534988403320e-01,4.857826828956604004e-01,4.289504885673522949e-01,2.455116659402847290e-01,2.672154828906059265e-02,1.678339578211307526e-02,1.755174249410629272e-02,3.818787336349487305e-01,1.527117192745208740e-01,2.008698694407939911e-02,1.051268633455038071e-02,5.805998109281063080e-03,3.065171185880899429e-03,1.264127437025308609e-03,4.263769369572401047e-03,1.523887738585472107e-02,3.993086051195859909e-03,1.056689023971557617e-02,1.996629685163497925e-02,2.285188995301723480e-03,4.444419755600392818e-04,4.660169361159205437e-04,4.334028926678001881e-04,3.605598176363855600e-04,1.485486165620386600e-03,7.235193043015897274e-04,9.179661050438880920e-03,1.310935057699680328e-02,2.253029961138963699e-03,8.732366375625133514e-03,4.497904330492019653e-03,1.677068881690502167e-02,9.490064345300197601e-03,2.571108983829617500e-03,4.737518727779388428e-03,2.089357562363147736e-02,1.635484024882316589e-02,8.794868364930152893e-03,2.518117660656571388e-03,1.868232648121193051e-04,9.642764780437573791e-06
7.923227548599243164e-02,8.605413138866424561e-02,8.465271443128585815e-02,8.589428663253784180e-02,9.557501226663589478e-02,9.563596546649932861e-02,1.069224178791046143e-01,1.301524490118026733e-01,1.252177208662033081e-01,2.000548243522644043e-01,1.634843498468399048e-01,2.373554855585098267e-01,2.567160725593566895e-01,4.011339247226715088e-01,8.972519636154174805e-01,2.053391695022583008e+00,3.470312833786010742e+00,1.140371398925781250e+02,1.457829589843750000e+03,6.604057006835937500e+02,3.614173173904418945e+00,1.385777115821838379e+00,5.936201214790344238e-01,1.579355359077453613e+00,2.550172567367553711e+00,5.037116050720214844e+00,9.754689335823059082e-01,4.239427745342254639e-01,2.796333432197570801e-01,2.026207596063613892e-01,1.834691464900970459e-01,2.690901160240173340e-01,1.767578274011611938e-01,1.189406141638755798e-01,4.815840125083923340e-01,5.733574032783508301e-01,5.863748788833618164e-01,2.835004568099975586e+00,7.520079135894775391e+00,1.189563870429992676e+00,2.313207648694515228e-02,1.050512958317995071e-02,9.445124305784702301e-03,9.006198495626449585e-03,7.218890357762575150e-03,7.247138768434524536e-03,4.256567452102899551e-03,6.571066565811634064e-03,1.012124493718147278e-02,1.331883948296308517e-02,2.731201797723770142e-02,9.383506327867507935e-02,1.738914288580417633e-02,1.592575758695602417e-01,3.274517506361007690e-02,1.977120409719645977e-04,5.138139240443706512e-04,1.791225979104638100e-03,2.732066437602043152e-03,6.824304349720478058e-03,2.299672365188598633e-02,2.961852587759494781e-02,9.159344434738159180e-02,1.543900966644287109e-01,1.410829275846481323e-01,1.300614513456821442e-02,3.640909912064671516e-03,8.448370499536395073e-04,1.953909406438469887e-03,6.760728079825639725e-03,2.821779437363147736e-02,2.534947916865348816e-02,1.902814805507659912e-01,5.931723862886428833e-02,3.174327081069350243e-03,7.689121179282665253e-03,2.990675531327724457e-02,1.002210080623626709e-01,5.750926733016967773e-01,8.498567938804626465e-01,5.965438485145568848e-01,1.343872696161270142e-01,1.241229549050331116e-01,2.940209507942199707e-01,1.016484022140502930e+00,1.206146597862243652e+00,6.514042615890502930e-02,2.033804059028625488e-01,5.512092709541320801e-01,4.345149397850036621e-01,4.246431887149810791e-01,5.915129557251930237e-02,2.964859455823898315e-02,3.280456364154815674e-02,8.547334671020507812e-01,3.777582049369812012e-01,4.796357825398445129e-02,2.290608361363410950e-02,1.476549077779054642e-02,5.492254160344600677e-03,1.508070738054811954e-03,6.742263212800025940e-03,1.959609426558017731e-02,6.795614026486873627e-03,1.709113642573356628e-02,4.208532348275184631e-02,3.905880264937877655e-03,2.226222713943570852e-04,2.589715295471251011e-04,1.388391247019171715e-04,1.198005513288080692e-03,4.188948776572942734e-03,1.312113017775118351e-03,2.465631812810897827e-02,1.814169622957706451e-02,1.130432542413473129e-02,3.415261954069137573e-02,5.897771567106246948e-03,4.327691346406936646e-02,1.824804581701755524e-02,6.680135149508714676e-03,9.763400070369243622e-03,3.920983150601387024e-02,2.553712204098701477e-02,1.756208389997482300e-02,7.690717000514268875e-03,4.154840717092156410e-04,3.131516132270917296e-05
1.189266258734278381e-04,1.638074027141556144e-04,2.018119557760655880e-04,9.704588592285290360e-05,5.566070103668607771e-05,4.316821650718338788e-05,4.025832458864897490e-05,5.950288032181560993e-04,1.297957729548215866e-03,3.159355372190475464e-03,1.017158292233943939e-02,1.172722224146127701e-02,1.868052035570144653e-02,7.583002746105194092e-02,1.661322712898254395e-01,7.960199713706970215e-01,1.444620847702026367e+00,1.102877273559570312e+02,1.776772094726562500e+03,6.669734497070312500e+02,1.415914297103881836e+00,1.392943412065505981e-01,1.308113485574722290e-01,7.217501997947692871e-01,8.488537073135375977e-01,1.836781620979309082e+00,2.126353025436401367e+00,6.488987803459167480e-01,1.942659914493560791e-01,6.235694512724876404e-02,6.217750906944274902e-02,1.458050459623336792e-01,1.267194896936416626e-01,2.018936425447463989e-01,2.017153799533843994e-01,8.316548466682434082e-01,1.066607117652893066e+00,8.905621528625488281e+00,8.917611122131347656e+00,3.483302593231201172e-01,1.109530031681060791e-02,1.886169891804456711e-03,2.351455390453338623e-03,3.359905676916241646e-03,1.157402060925960541e-03,4.093411553185433149e-04,6.552730337716639042e-05,1.404475304298102856e-03,7.771551609039306641e-03,8.909231051802635193e-03,1.638354174792766571e-02,5.734324827790260315e-02,1.775399595499038696e-01,5.964587330818176270e-01,1.060935109853744507e-01,2.283521898789331317e-04,5.486605223268270493e-04,1.342649920843541622e-03,4.129239823669195175e-03,4.923621658235788345e-03,1.045173965394496918e-02,4.036894440650939941e-02,1.147996485233306885e-01,3.834829628467559814e-01,4.322893321514129639e-01,2.927407063543796539e-02,2.115689218044281006e-03,1.169982599094510078e-03,3.493242664262652397e-03,4.436297807842493057e-03,1.653084345161914825e-02,3.826885297894477844e-02,2.116606086492538452e-01,3.009676001965999603e-02,2.038038335740566254e-03,5.431595724076032639e-03,1.712368242442607880e-02,7.053783535957336426e-02,5.847346186637878418e-01,1.646929025650024414e+00,7.950347661972045898e-01,1.029253229498863220e-01,8.563958108425140381e-02,2.795060575008392334e-01,2.024048805236816406e+00,2.489084720611572266e+00,1.187212914228439331e-01,3.227159976959228516e-01,4.123840928077697754e-01,1.746839523315429688e+00,2.205927610397338867e+00,7.737956196069717407e-02,1.880516298115253448e-02,8.431212604045867920e-02,8.527342081069946289e-01,2.888065576553344727e-01,2.090738527476787567e-02,1.862738467752933502e-02,1.734340563416481018e-02,4.894879180938005447e-03,1.684620161540806293e-03,1.570639945566654205e-02,1.811763644218444824e-02,3.775877645239233971e-03,2.014466002583503723e-02,5.159902945160865784e-02,2.520563546568155289e-03,1.712051162030547857e-04,2.856903010979294777e-04,5.173247336642816663e-05,6.538056768476963043e-03,8.480586111545562744e-03,3.412428544834256172e-03,4.789278656244277954e-02,1.690187677741050720e-02,3.019775636494159698e-02,4.119074344635009766e-02,7.505969610065221786e-03,3.870682790875434875e-02,1.125373598188161850e-02,8.733645081520080566e-03,1.475076284259557724e-02,7.077053934335708618e-02,2.548275701701641083e-02,1.949658058583736420e-02,7.008306682109832764e-03,6.382238934747874737e-04,2.851695171557366848e-05
1.073647144949063659e-04,4.167495062574744225e-04,1.273523550480604172e-03,4.305374750401824713e-04,6.819847476435825229e-05,4.942791201756335795e-05,2.610283809190150350e-05,5.391138256527483463e-04,1.300536794587969780e-03,1.365033560432493687e-03,7.667492143809795380e-03,8.211344480514526367e-03,7.330583408474922180e-03,2.971656061708927155e-02,1.696842908859252930e-01,2.951397299766540527e-01,1.497226953506469727e+00,2.297485656738281250e+02,3.151776367187500000e+03,9.584685058593750000e+02,7.644206881523132324e-01,2.842837870121002197e-01,3.237982690334320068e-01,2.259618937969207764e-01,1.841623783111572266e-01,3.191698491573333740e-01,9.112637639045715332e-01,4.770578742027282715e-01,1.604269444942474365e-01,7.674768567085266113e-02,8.329559862613677979e-02,4.766194894909858704e-02,1.047584563493728638e-01,4.769092425704002380e-02,1.903248727321624756e-01,4.880071580410003662e-01,8.633929491043090820e-01,1.084130477905273438e+01,9.448805809020996094e+00,6.905508637428283691e-01,6.441024597734212875e-03,1.015466521494090557e-03,7.397150620818138123e-04,1.776282442733645439e-03,1.066324533894658089e-03,3.989869728684425354e-04,5.195381527300924063e-05,1.432214397937059402e-03,7.568918168544769287e-03,5.568112246692180634e-03,7.838073186576366425e-03,3.396272286772727966e-02,7.899885773658752441e-01,9.654673933982849121e-01,1.019906327128410339e-01,3.609756531659513712e-04,4.162137920502573252e-04,7.122759125195443630e-04,4.419201985001564026e-03,6.032648961991071701e-03,4.306783899664878845e-03,2.242390811443328857e-02,6.048277765512466431e-02,1.189054727554321289e+00,7.340459823608398438e-01,2.273000031709671021e-02,3.049810882657766342e-03,3.427100018598139286e-04,2.171528525650501251e-03,4.659021273255348206e-03,1.047730818390846252e-02,1.312518715858459473e-01,1.638116091489791870e-01,2.487536706030368805e-02,2.555885119363665581e-03,3.324077464640140533e-03,1.025012228637933731e-02,2.836779132485389709e-02,9.984850883483886719e-01,2.257058620452880859e+00,7.347230315208435059e-01,9.873223304748535156e-02,6.910880655050277710e-02,2.127421349287033081e-01,2.269598007202148438e+00,2.511782884597778320e+00,2.231195569038391113e-01,2.605189383029937744e-01,6.680467128753662109e-01,2.909687757492065430e+00,2.408935308456420898e+00,4.491115733981132507e-02,1.597795262932777405e-02,1.539213359355926514e-01,5.632815361022949219e-01,6.764003634452819824e-02,4.340896848589181900e-03,8.062398061156272888e-03,1.447814423590898514e-02,2.945388900116086006e-03,1.401253743097186089e-03,2.526927553117275238e-02,1.439296919852495193e-02,1.954581821337342262e-03,1.512094214558601379e-02,3.714030236005783081e-02,9.864763123914599419e-04,3.017467097379267216e-04,2.801928494591265917e-04,7.612876652274280787e-05,6.886579096317291260e-03,6.074893288314342499e-03,5.838821642100811005e-03,4.288139566779136658e-02,9.324843063950538635e-03,4.037263989448547363e-02,2.800327539443969727e-02,2.128422446548938751e-02,2.966001443564891815e-02,4.447769839316606522e-03,6.406883709132671356e-03,1.079424377530813217e-02,5.890219286084175110e-02,2.262161485850811005e-02,2.195166423916816711e-02,3.997852094471454620e-03,9.335062932223081589e-04,2.751365900621749461e-05
8.097376849036663771e-05,1.260071992874145508e-03,3.064985619857907295e-03,5.601412267424166203e-04,6.946483335923403502e-05,1.924790558405220509e-05,2.039679020526818931e-05,2.819566871039569378e-04,1.113301143050193787e-03,1.003560726530849934e-03,4.443637561053037643e-03,7.134140003472566605e-03,2.845850074663758278e-03,1.272475067526102066e-02,9.122399985790252686e-02,1.697046607732772827e-01,9.030333757400512695e-01,2.409091644287109375e+02,3.652431152343750000e+03,1.057782714843750000e+03,3.746317327022552490e-01,2.680251002311706543e-01,1.484567672014236450e-01,1.060254871845245361e-01,3.223096132278442383e-01,1.892362087965011597e-01,3.343468010425567627e-01,4.442475438117980957e-01,2.753310278058052063e-02,3.859398514032363892e-02,3.510211408138275146e-02,3.508096933364868164e-02,3.354658186435699463e-02,3.747658804059028625e-02,7.172342389822006226e-02,8.595826476812362671e-02,2.634235918521881104e-01,2.705261945724487305e+00,1.291906118392944336e+00,3.151945471763610840e-01,1.041121082380414009e-03,6.882558809593319893e-04,9.758846135810017586e-04,2.220857888460159302e-03,7.815082790330052376e-04,1.508507557446137071e-04,3.378708788659423590e-05,1.174080302007496357e-03,1.791567658074200153e-03,5.604229401797056198e-03,8.876339532434940338e-03,2.613415196537971497e-02,9.621573090553283691e-01,9.052805900573730469e-01,8.944771438837051392e-02,2.326044923393055797e-04,2.245784125989302993e-04,3.916409914381802082e-04,1.223517232574522495e-03,1.843167818151414394e-03,2.019891981035470963e-03,7.023059763014316559e-03,3.156827390193939209e-02,1.027282834053039551e+00,3.428010344505310059e-01,7.527932990342378616e-03,1.740323496051132679e-03,2.774326712824404240e-04,2.416104776784777641e-03,2.289763884618878365e-03,8.042261004447937012e-03,2.328772693872451782e-01,2.443080395460128784e-01,4.481094330549240112e-02,2.099782926961779594e-03,2.782758325338363647e-03,5.882317200303077698e-03,4.390185698866844177e-02,8.334212303161621094e-01,2.727921485900878906e+00,8.442180156707763672e-01,4.700068384408950806e-02,5.376947671175003052e-02,2.552194595336914062e-01,2.632599115371704102e+00,2.013043403625488281e+00,1.188330650329589844e-01,2.177726030349731445e-01,2.913683056831359863e-01,2.642609596252441406e+00,7.929748892784118652e-01,2.402539364993572235e-02,5.447929725050926208e-03,1.736240983009338379e-01,3.704620003700256348e-01,7.645270228385925293e-02,4.852946382015943527e-03,9.117472916841506958e-03,1.333270035684108734e-02,2.394095528870820999e-03,1.026996294967830181e-03,2.731597051024436951e-02,1.394006330519914627e-02,1.833680551499128342e-03,1.428001932799816132e-02,2.366240322589874268e-02,5.674926796928048134e-04,3.996331652160733938e-04,3.372942737769335508e-04,4.882553912466391921e-05,5.671147722750902176e-03,3.094105515629053116e-03,3.811816917732357979e-03,2.602999843657016754e-02,6.835636682808399200e-03,3.539216145873069763e-02,2.239924483001232147e-02,3.836116194725036621e-02,3.139845281839370728e-02,3.379454370588064194e-03,5.427645519375801086e-03,1.524429861456155777e-02,5.276050046086311340e-02,2.625040151178836823e-02,2.843381837010383606e-02,4.023292101919651031e-03,7.259182166308164597e-04,1.095290826924610883e-05
4.254829545971006155e-04,7.439079345203936100e-04,1.417347230017185211e-03,2.128015912603586912e-04,1.354224659735336900e-04,3.373865547473542392e-05,3.140861008432693779e-05,6.952901603654026985e-04,1.930264057591557503e-03,2.171303844079375267e-03,2.992033958435058594e-03,6.061918102204799652e-03,7.601347751915454865e-03,5.175578594207763672e-02,1.306425631046295166e-01,1.161294430494308472e-01,4.800080060958862305e-01,2.869059448242187500e+02,3.632586669921875000e+03,8.523009643554687500e+02,1.701176285743713379e+00,7.545757293701171875e-02,3.067535534501075745e-02,3.617436885833740234e-01,7.152770161628723145e-01,1.053730607032775879e+00,5.148470997810363770e-01,1.296955049037933350e-01,3.097306564450263977e-02,1.068543270230293274e-02,1.164506748318672180e-02,2.912467345595359802e-02,6.318579614162445068e-02,2.764899283647537231e-02,6.381527334451675415e-02,1.800259351730346680e-01,1.301665604114532471e-01,4.097733020782470703e+00,3.190207958221435547e+00,1.408622711896896362e-01,2.318812301382422447e-03,1.705856528133153915e-03,4.971825401298701763e-04,1.259036944247782230e-03,1.926205150084570050e-04,7.226874913612846285e-06,3.696266958286287263e-06,3.155293525196611881e-04,9.322777041234076023e-04,5.498541984707117081e-03,6.242865230888128281e-03,2.102808095514774323e-02,1.069975614547729492e+00,2.632740020751953125e+00,1.393232494592666626e-01,1.788877270882949233e-04,5.134991079103201628e-05,2.690005348995327950e-04,4.100008227396756411e-04,1.075361389666795731e-03,1.907069585286080837e-03,7.952416315674781799e-03,3.589130192995071411e-02,7.856566905975341797e-01,3.057651221752166748e-01,4.003163892775774002e-03,1.580423675477504730e-03,2.713128924369812012e-04,1.712394761852920055e-03,6.547837401740252972e-04,5.473746452480554581e-03,1.302541792392730713e-01,3.887645304203033447e-01,9.834182262420654297e-02,8.345622918568551540e-04,3.002934856340289116e-03,5.245588719844818115e-03,3.858432173728942871e-02,5.998917222023010254e-01,4.125737667083740234e+00,1.003674864768981934e+00,3.392626345157623291e-02,5.691459402441978455e-02,1.630985736846923828e-01,1.960384845733642578e+00,2.707432985305786133e+00,8.847473561763763428e-02,8.551798015832901001e-02,9.102540463209152222e-02,1.573594927787780762e+00,9.323846101760864258e-01,1.945261284708976746e-02,7.202763576060533524e-03,1.168980672955513000e-01,5.851488113403320312e-01,1.000254079699516296e-01,3.243827261030673981e-03,8.488117717206478119e-03,2.094055898487567902e-02,2.177858725190162659e-03,3.678226203192025423e-04,1.764220558106899261e-02,1.445022784173488617e-02,1.442428329028189182e-03,1.369468215852975845e-02,3.054006770253181458e-02,8.747113752178847790e-04,3.822618746198713779e-04,6.123263156041502953e-04,8.858941146172583103e-05,8.116112090647220612e-03,2.152634225785732269e-02,4.719658289104700089e-03,3.574342280626296997e-02,1.244707219302654266e-02,3.403149545192718506e-02,3.541278839111328125e-02,3.324985876679420471e-02,6.445917487144470215e-02,1.072381343692541122e-02,6.235146429389715195e-03,2.114533074200153351e-02,1.607079058885574341e-01,3.761855512857437134e-02,2.244855090975761414e-02,2.418717369437217712e-03,8.919998654164373875e-04,5.238931044004857540e-05
3.978713415563106537e-03,2.562252047937363386e-04,3.539588651619851589e-04,9.718313231132924557e-04,1.352492254227399826e-03,3.476219426374882460e-04,9.011527436086907983e-05,1.880372059531509876e-03,2.534865867346525192e-03,3.111427649855613708e-03,3.536475822329521179e-03,7.146038115024566650e-03,1.739122346043586731e-02,3.724179416894912720e-02,1.045179441571235657e-01,1.430907249450683594e-01,2.810373604297637939e-01,2.481508789062500000e+02,3.792343750000000000e+03,1.420758911132812500e+03,6.200319766998291016e+00,1.531627029180526733e-01,1.682388037443161011e-01,2.122269421815872192e-01,2.055650800466537476e-01,7.578272223472595215e-01,4.774722456932067871e-01,3.396200761198997498e-02,2.734815329313278198e-02,9.863954037427902222e-03,3.488356247544288635e-02,5.388946831226348877e-02,4.875503107905387878e-02,1.316711772233247757e-02,1.086368411779403687e-01,1.928200423717498779e-01,1.574884206056594849e-01,1.106187438964843750e+01,1.118217754364013672e+01,3.716279864311218262e-01,5.178337451070547104e-03,3.843768499791622162e-03,5.130032077431678772e-04,3.362900170031934977e-04,4.543492104858160019e-05,5.861861609446350485e-06,1.383094968332443386e-06,7.954648026498034596e-05,7.607518928125500679e-04,2.457342576235532761e-03,3.090812824666500092e-03,1.320678461343050003e-02,5.653694272041320801e-01,1.603528141975402832e+00,3.205555379390716553e-01,4.705861501861363649e-04,1.600703035364858806e-05,7.971534796524792910e-05,9.409410267835482955e-05,4.456490278244018555e-04,1.058484660461544991e-03,6.211719475686550140e-03,3.367549180984497070e-02,1.085044622421264648e+00,5.405869483947753906e-01,9.556801058351993561e-03,1.370781916193664074e-03,9.966301149688661098e-05,1.620881957933306694e-03,1.207285793498158455e-03,9.237088263034820557e-03,8.552768826484680176e-02,4.267126023769378662e-01,3.010573685169219971e-01,6.645275279879570007e-04,2.216702094301581383e-03,2.580259693786501884e-03,1.097852922976016998e-02,8.284423351287841797e-01,2.954646348953247070e+00,1.647183895111083984e+00,2.746519632637500763e-02,5.821130424737930298e-02,1.533728837966918945e-01,1.195698499679565430e+00,1.396297812461853027e+00,1.190670803189277649e-01,3.739663958549499512e-02,6.235837191343307495e-02,9.685781598091125488e-01,8.895802497863769531e-01,8.531482517719268799e-02,7.313407026231288910e-03,1.511712372303009033e-01,5.608885288238525391e-01,1.413936316967010498e-01,3.189720446243882179e-03,5.675180349498987198e-03,1.695370301604270935e-02,1.060642395168542862e-02,3.389983321540057659e-04,6.568562239408493042e-03,2.646395005285739899e-02,4.172208253294229507e-03,6.048713345080614090e-03,1.736784726381301880e-02,2.148364204913377762e-03,1.919100322993472219e-04,1.172232907265424728e-03,8.460242534056305885e-04,3.789748065173625946e-03,1.076798588037490845e-01,4.470051825046539307e-02,2.796745300292968750e-02,3.660257533192634583e-02,2.138022705912590027e-02,7.491017132997512817e-02,4.789412766695022583e-02,7.924636453390121460e-02,4.661458730697631836e-02,5.243116058409214020e-03,1.322352420538663864e-02,1.392028480768203735e-01,8.604633808135986328e-02,1.491875573992729187e-02,3.538803197443485260e-03,8.297364111058413982e-04,1.633747015148401260e-04
5.405723117291927338e-03,3.224707907065749168e-04,2.611521631479263306e-04,6.359510589390993118e-04,9.014789247885346413e-04,3.665787226054817438e-04,7.048232509987428784e-05,1.139675616286695004e-03,3.939509391784667969e-03,5.360540002584457397e-03,3.205373650416731834e-03,3.951565828174352646e-03,9.273455478250980377e-03,2.165097370743751526e-02,3.133208304643630981e-02,1.031208559870719910e-01,2.260021269321441650e-01,1.168583908081054688e+02,1.844434082031250000e+03,1.392623291015625000e+03,2.839905357360839844e+01,2.377140372991561890e-01,1.973687559366226196e-01,1.183463484048843384e-01,1.359911710023880005e-01,1.906362473964691162e-01,7.322068512439727783e-02,4.653243720531463623e-02,1.231582555919885635e-02,8.114809170365333557e-03,3.091837093234062195e-02,3.298621624708175659e-02,1.485238224267959595e-02,6.838895380496978760e-03,6.260446459054946899e-02,1.195670962333679199e-01,3.551515936851501465e-01,8.405441284179687500e+00,9.629029273986816406e+00,3.070527076721191406e+00,4.072082042694091797e-02,5.325226578861474991e-03,1.757248188368976116e-03,1.887270482257008553e-04,1.155398931587114930e-04,1.619792783458251506e-05,1.831541339925024658e-06,7.052307773847132921e-05,7.096082554198801517e-04,1.283155172131955624e-03,2.358224475756287575e-03,7.197895087301731110e-03,2.102735638618469238e-01,7.143832445144653320e-01,1.010015964508056641e+00,2.266158163547515869e-02,1.146831855294294655e-04,5.115547901368699968e-05,4.416882075020112097e-05,1.603442506166175008e-04,4.391096881590783596e-04,1.900977222248911858e-03,2.833775058388710022e-02,3.559918403625488281e-01,3.265892863273620605e-01,8.274845778942108154e-02,4.816894361283630133e-04,7.633268978679552674e-05,1.051754690706729889e-03,8.220672607421875000e-04,4.866862669587135315e-03,2.279242128133773804e-02,2.518385946750640869e-01,9.186976552009582520e-01,2.335874736309051514e-02,5.976175307296216488e-04,1.543917343951761723e-03,9.461987763643264771e-03,1.062706947326660156e+00,1.044566917419433594e+01,1.420824337005615234e+01,6.528618186712265015e-02,3.771907091140747070e-02,1.072768270969390869e-01,8.962384462356567383e-01,1.437641978263854980e+00,3.319429159164428711e-01,1.285433024168014526e-02,6.862669438123703003e-02,7.218675017356872559e-01,1.280148744583129883e+00,6.808158159255981445e-01,5.905346944928169250e-03,1.000088155269622803e-01,4.847060143947601318e-01,3.958155810832977295e-01,5.551068112254142761e-03,3.357762470841407776e-03,9.187086485326290131e-03,4.229194298386573792e-02,2.401931909844279289e-03,2.144746016710996628e-03,5.381086468696594238e-02,5.271114036440849304e-02,9.622573852539062500e-03,1.466639153659343719e-02,4.792243242263793945e-03,1.150632670032791793e-04,1.123352791182696819e-03,2.717696828767657280e-03,1.160304294899106026e-03,1.136214584112167358e-01,1.076089590787887573e-01,1.441782526671886444e-02,6.960926949977874756e-02,1.960846781730651855e-02,1.384348720312118530e-01,1.800802052021026611e-01,5.352332815527915955e-02,1.173038631677627563e-01,3.843605052679777145e-03,2.616555802524089813e-02,5.436649546027183533e-02,1.086492240428924561e-01,1.287132687866687775e-02,3.433128120377659798e-03,4.118254873901605606e-04,7.978225767146795988e-05
2.191153354942798615e-02,4.078357946127653122e-03,3.240153309889137745e-04,5.716400919482111931e-04,1.436879538232460618e-04,1.046418838086538017e-04,3.219248537789098918e-05,5.762308719567954540e-04,1.342759351246058941e-03,3.286181949079036713e-03,8.452857844531536102e-03,3.819666104391217232e-03,1.311989128589630127e-02,3.915198519825935364e-02,6.073930859565734863e-02,3.260000944137573242e-01,9.861780405044555664e-01,6.793553924560546875e+01,9.223651733398437500e+02,1.586111450195312500e+03,9.579254150390625000e+01,5.477947592735290527e-01,1.387805044651031494e-01,2.384439855813980103e-01,3.296714425086975098e-01,4.100419580936431885e-01,6.487600505352020264e-02,2.868110500276088715e-02,3.952730447053909302e-03,1.043297536671161652e-02,1.101685501635074615e-02,4.986812360584735870e-03,1.874049310572445393e-03,7.470350712537765503e-03,2.798187173902988434e-02,5.398515984416007996e-02,2.663551867008209229e-01,4.013450145721435547e+00,9.238047599792480469e+00,1.190164852142333984e+01,1.492850333452224731e-01,1.042690686881542206e-02,2.482614712789654732e-03,3.405265451874583960e-04,3.337521920911967754e-04,3.950520112994126976e-05,1.963367139978799969e-06,1.052933585015125573e-04,6.910681258887052536e-04,4.739420546684414148e-04,1.662350376136600971e-03,1.879237359389662743e-03,1.185428574681282043e-01,1.872117280960083008e+00,4.929612636566162109e+00,1.555879116058349609e-01,3.776514786295592785e-04,6.314775964710861444e-05,6.272681639529764652e-05,1.672193466220051050e-04,3.179104824084788561e-04,8.553946390748023987e-04,5.659717600792646408e-03,4.095693677663803101e-02,6.007418632507324219e-01,2.549404501914978027e-01,3.669611178338527679e-04,7.245910092024132609e-05,6.079447921365499496e-04,5.465309950523078442e-04,2.269483637064695358e-03,1.445487886667251587e-02,1.585448384284973145e-01,1.238414525985717773e+00,1.575913727283477783e-01,3.453392419032752514e-04,1.041359500959515572e-03,5.382000468671321869e-03,5.711857676506042480e-01,1.591439056396484375e+01,2.811694335937500000e+01,6.383597254753112793e-01,2.120602875947952271e-02,4.900335520505905151e-02,3.867828249931335449e-01,1.277394413948059082e+00,9.435885548591613770e-01,1.055564451962709427e-02,6.698293238878250122e-02,6.517026424407958984e-01,1.322598338127136230e+00,1.348536491394042969e+00,4.625116474926471710e-03,2.760459668934345245e-02,2.223594188690185547e-01,4.544433355331420898e-01,2.455863729119300842e-02,1.459194580093026161e-03,3.858223091810941696e-03,8.851405233144760132e-02,1.464235130697488785e-02,1.913527958095073700e-03,1.146088391542434692e-01,2.779505252838134766e-01,1.046290341764688492e-02,1.058493833988904953e-02,6.332911550998687744e-03,1.587731676409021020e-04,6.374684744514524937e-04,4.625879228115081787e-03,8.013672195374965668e-04,7.102245092391967773e-02,2.961744070053100586e-01,1.129812560975551605e-02,1.985801011323928833e-01,1.215501502156257629e-01,1.190074682235717773e-01,2.938779890537261963e-01,2.810863032937049866e-02,1.282333433628082275e-01,1.181555911898612976e-02,1.164342984557151794e-01,7.233825325965881348e-02,8.532273024320602417e-02,1.202041655778884888e-02,2.583401743322610855e-03,4.623371642082929611e-04,4.782495670951902866e-05
6.032256782054901123e-02,9.752626530826091766e-03,7.544637774117290974e-04,9.238870698027312756e-04,2.740979543887078762e-04,9.059686271939426661e-05,5.612735549220815301e-05,8.760820492170751095e-04,1.318600261583924294e-03,2.282780595123767853e-03,8.290864527225494385e-03,4.796947352588176727e-03,1.793135143816471100e-02,3.637712821364402771e-02,4.512464255094528198e-02,3.427566885948181152e-01,6.632410883903503418e-01,3.403303527832031250e+01,1.914594116210937500e+03,3.462309082031250000e+03,9.757865905761718750e+01,8.940651416778564453e-01,2.938313782215118408e-01,1.279223114252090454e-01,3.337931632995605469e-01,3.411251902580261230e-01,3.210080787539482117e-02,6.617242004722356796e-03,1.043647248297929764e-02,1.008147187530994415e-02,4.001916851848363876e-03,3.724579699337482452e-03,2.778471913188695908e-03,7.554751820862293243e-03,1.214423496276140213e-02,1.331517752259969711e-02,9.612505882978439331e-02,1.357714772224426270e+00,1.523166275024414062e+01,2.001447296142578125e+01,1.339016556739807129e-01,5.488193593919277191e-03,1.018539420329034328e-03,4.434331203810870647e-04,4.156719660386443138e-04,2.667264561750926077e-05,1.486739847678109072e-06,4.508640267886221409e-05,2.393913746345788240e-04,1.539756485726684332e-04,3.037377318833023310e-04,1.131635624915361404e-03,1.101271510124206543e-01,1.743885636329650879e+00,4.925726890563964844e+00,2.133414000272750854e-01,4.259674809873104095e-03,4.986183557775802910e-05,4.341304156696423888e-05,9.721839160192757845e-05,1.868895487859845161e-04,2.654737036209553480e-04,1.402482739649713039e-03,2.305299043655395508e-02,2.520416975021362305e-01,1.419698297977447510e-01,2.801917726173996925e-03,6.639760977122932673e-05,4.462740325834602118e-04,2.983047452289611101e-04,5.809526192024350166e-04,8.347484283149242401e-03,1.216072812676429749e-01,9.467198252677917480e-01,1.347016543149948120e-01,4.732148256152868271e-03,7.659311522729694843e-04,1.778857549652457237e-03,1.285995692014694214e-01,8.561707496643066406e+00,2.392259597778320312e+01,1.097972869873046875e+00,3.242714703083038330e-02,5.160180106759071350e-02,1.232901215553283691e-01,1.935165286064147949e+00,3.152032613754272461e+00,4.767039045691490173e-02,3.723658993840217590e-02,2.601226270198822021e-01,8.008705377578735352e-01,8.540244698524475098e-01,9.651455283164978027e-02,3.913331031799316406e-02,9.161176532506942749e-02,3.392379283905029297e-01,6.304129958152770996e-02,3.522638464346528053e-03,3.475881414487957954e-03,8.755604922771453857e-02,1.420275960117578506e-02,1.764523331075906754e-03,1.392855495214462280e-01,3.679212629795074463e-01,6.981044542044401169e-03,5.380124319344758987e-03,6.928865797817707062e-03,3.017050039488822222e-04,2.592999371699988842e-04,2.086119027808308601e-03,6.925201741978526115e-04,6.972243636846542358e-02,3.359930515289306641e-01,6.737331394106149673e-03,1.465240865945816040e-01,1.112321764230728149e-01,5.192039161920547485e-02,1.958265006542205811e-01,2.095182240009307861e-02,1.054081395268440247e-01,1.726034283638000488e-02,1.162964478135108948e-01,8.062840253114700317e-02,6.495735049247741699e-02,1.313193701207637787e-02,2.198970178142189980e-03,6.762722041457891464e-04,4.283935413695871830e-05
1.278199162334203720e-02,3.384244162589311600e-03,3.515501157380640507e-04,2.369983121752738953e-04,9.148159733740612864e-05,7.111990271368995309e-05,4.216590605210512877e-05,2.214835985796526074e-04,1.620872761122882366e-03,1.139931147918105125e-03,1.390520948916673660e-03,1.784007414244115353e-03,2.027619164437055588e-03,9.527510032057762146e-03,1.732235029339790344e-02,5.605008825659751892e-02,1.711644828319549561e-01,9.820069313049316406e+00,1.003956604003906250e+03,2.643096679687500000e+03,1.745060424804687500e+02,1.159584045410156250e+01,5.330090522766113281e-01,2.444670908153057098e-02,2.638205327093601227e-02,7.044275104999542236e-02,1.936551928520202637e-02,9.813925251364707947e-03,8.998468518257141113e-03,5.130729638040065765e-03,7.163229398429393768e-03,7.453428581357002258e-03,4.580693785101175308e-03,1.578400726430118084e-03,3.019253257662057877e-03,7.356883957982063293e-03,2.155670709908008575e-02,1.576527506113052368e-01,1.429920864105224609e+01,1.433492279052734375e+01,2.918206751346588135e-01,8.140326244756579399e-04,1.269672357011586428e-04,3.176377504132688046e-04,2.794474712572991848e-04,5.216280442255083472e-06,7.504067980335094035e-07,8.161594450939446688e-06,6.325907452264800668e-05,8.461098332190886140e-05,6.487366044893860817e-05,7.776368875056505203e-04,9.997787326574325562e-02,6.736502647399902344e-01,9.693639874458312988e-01,8.825424313545227051e-01,2.494754642248153687e-02,2.887914888560771942e-04,5.798165875603444874e-05,2.707487874431535602e-05,8.977457764558494091e-05,2.042543492279946804e-04,1.181622385047376156e-03,9.562784805893898010e-03,4.131924733519554138e-02,1.209176108241081238e-01,9.631913155317306519e-02,1.721197855658829212e-03,8.759054617257788777e-05,8.560592686990275979e-05,5.310731939971446991e-04,5.005872808396816254e-03,1.057981178164482117e-01,7.258152961730957031e-01,2.595626413822174072e-01,2.294903062283992767e-02,1.697760773822665215e-03,5.802848376333713531e-03,9.213032573461532593e-02,1.793637990951538086e+00,1.519722080230712891e+01,2.393327713012695312e+00,3.134090900421142578e-01,2.649760618805885315e-02,7.847756147384643555e-02,1.938568711280822754e+00,4.384545803070068359e+00,4.562162160873413086e-01,4.444572702050209045e-02,9.425549209117889404e-02,4.857924580574035645e-01,6.515824794769287109e-01,1.033247709274291992e+00,8.468998968601226807e-02,1.277515292167663574e-01,1.799058318138122559e-01,9.314470738172531128e-02,1.430803816765546799e-02,2.452745568007230759e-03,3.978541865944862366e-02,1.165863592177629471e-02,5.258779507130384445e-03,4.109552502632141113e-02,8.452267944812774658e-02,1.126667391508817673e-02,3.050078637897968292e-03,4.857281688600778580e-03,6.512325489893555641e-04,1.570341992191970348e-04,1.012880005873739719e-03,1.608481165021657944e-03,3.278166055679321289e-02,1.400370746850967407e-01,9.622970595955848694e-03,3.025658056139945984e-02,5.760661512613296509e-02,3.475442901253700256e-02,6.790566444396972656e-02,4.937984049320220947e-02,7.275412231683731079e-02,2.559523656964302063e-02,3.565115109086036682e-02,9.370566159486770630e-02,7.295000553131103516e-02,2.036747150123119354e-02,4.323678556829690933e-03,1.628857338801026344e-03,8.749766857363283634e-05
3.025066107511520386e-04,7.679215923417359591e-05,4.123881353734759614e-06,8.594393875682726502e-06,1.529659311927389354e-05,2.162396231142338365e-05,7.605002338095800951e-06,1.043814409058541059e-04,1.895043067634105682e-03,1.789193484000861645e-03,6.758394301868975163e-04,3.571067936718463898e-04,7.939839269965887070e-04,5.524219013750553131e-03,1.328752376139163971e-02,3.051006607711315155e-02,2.881520390510559082e-01,2.327853202819824219e+01,1.791441955566406250e+02,9.684379882812500000e+02,3.066763000488281250e+02,3.812298965454101562e+01,9.723759293556213379e-01,3.655282407999038696e-02,2.058817632496356964e-02,5.727209523320198059e-02,2.116434276103973389e-02,1.078679226338863373e-02,6.896057166159152985e-03,1.129433326423168182e-02,1.798226870596408844e-02,1.391880773007869720e-02,2.546761883422732353e-03,3.499696613289415836e-04,4.279964137822389603e-03,1.486440468579530716e-02,1.290954090654850006e-02,2.292973399162292480e-01,6.564855575561523438e+00,8.620093345642089844e+00,4.394668638706207275e-01,4.034838173538446426e-03,2.879998355638235807e-04,1.284603058593347669e-04,1.311023079324513674e-04,3.685342335302266292e-06,4.666448205625783885e-07,7.594796443299856037e-06,4.031719436170533299e-05,6.313675112323835492e-05,3.954153362428769469e-05,8.654065313749015331e-04,8.253908157348632812e-02,5.636377334594726562e-01,1.790935754776000977e+00,1.548607349395751953e+00,2.588527463376522064e-02,6.009358912706375122e-04,7.837604061933234334e-05,2.761195355560630560e-05,6.963477062527090311e-05,2.353990857955068350e-04,1.525694271549582481e-03,1.416734047234058380e-02,7.035421580076217651e-02,3.081580102443695068e-01,2.864598631858825684e-01,3.539155004546046257e-03,1.040827119140885770e-04,8.725404040887951851e-05,4.940715734846889973e-04,6.821742746978998184e-03,3.872377425432205200e-02,7.049456238746643066e-01,4.559437334537506104e-01,2.559914626181125641e-02,1.294664456509053707e-03,7.066811434924602509e-03,1.017495989799499512e-01,2.339582681655883789e+00,1.444873714447021484e+01,3.369683265686035156e+00,5.391103029251098633e-01,2.363030426204204559e-02,1.344446688890457153e-01,1.434514760971069336e+00,3.795850753784179688e+00,1.348129272460937500e+00,8.287029713392257690e-02,1.510009616613388062e-01,2.677243351936340332e-01,7.263614535331726074e-01,9.431525468826293945e-01,5.940147489309310913e-02,1.230585873126983643e-01,3.054012060165405273e-01,1.846552193164825439e-01,1.744797825813293457e-02,1.822904800064861774e-03,3.142093494534492493e-02,2.146071009337902069e-02,4.807295277714729309e-03,3.170680627226829529e-02,7.905100286006927490e-02,2.256345190107822418e-02,2.966914791613817215e-03,9.832430630922317505e-03,2.543358132243156433e-03,1.776013523340225220e-04,2.201948780566453934e-03,4.626775160431861877e-03,1.909349486231803894e-02,1.008287444710731506e-01,2.003961615264415741e-02,3.570313751697540283e-02,1.005852520465850830e-01,2.991331554949283600e-02,7.265982031822204590e-02,5.123199895024299622e-02,3.265964984893798828e-02,2.755871601402759552e-02,2.787214890122413635e-02,8.086469024419784546e-02,4.263114556670188904e-02,2.391080930829048157e-02,4.984263796359300613e-03,1.442542299628257751e-03,6.184696394484490156e-05
9.845125168794766068e-05,2.945847518276423216e-05,2.644912456162273884e-06,1.771478082446265034e-06,2.373648840148234740e-06,4.249605353834340349e-06,6.887996278237551451e-06,2.893035998567938805e-04,3.784858388826251030e-03,1.694381702691316605e-03,2.404171827947720885e-04,1.763717591529712081e-04,6.464764010161161423e-04,1.537358621135354042e-03,1.798598095774650574e-02,1.830495707690715790e-02,8.746090531349182129e-02,1.498458099365234375e+01,1.486069946289062500e+02,7.888398437500000000e+02,2.267837219238281250e+02,2.199635505676269531e+01,1.056074500083923340e+00,1.376825273036956787e-01,1.104040890932083130e-01,6.489356607198715210e-02,2.407220378518104553e-02,1.828910596668720245e-02,1.024680770933628082e-02,9.170049801468849182e-03,6.058518774807453156e-03,4.742048680782318115e-03,1.493952935561537743e-03,8.754107402637600899e-04,1.809320063330233097e-03,9.191833436489105225e-03,1.221483387053012848e-02,1.435332149267196655e-01,1.802355170249938965e+00,8.660165786743164062e+00,5.180214643478393555e-01,1.751676946878433228e-02,1.442297827452421188e-03,3.337169255246408284e-05,2.927271634689532220e-05,4.374103809823282063e-06,8.739817758396384306e-07,2.046318695647642016e-05,7.402666233247146010e-05,2.391668567724991590e-05,2.154781395802274346e-05,6.889080977998673916e-04,4.076858237385749817e-02,4.832395017147064209e-01,2.787276744842529297e+00,1.011543750762939453e+00,1.397281512618064880e-02,2.491995983291417360e-04,4.180460018687881529e-05,4.446180901140905917e-05,7.692095823585987091e-05,8.399487705901265144e-05,1.312472159042954445e-03,3.006795607507228851e-02,5.186774954199790955e-02,3.512103557586669922e-01,3.627527654170989990e-01,6.440665107220411301e-03,1.259403798030689359e-04,2.960006822831928730e-04,8.705920772626996040e-04,1.321705523878335953e-02,1.995696686208248138e-02,1.406693935394287109e+00,8.811354041099548340e-01,4.133160039782524109e-02,1.388204516842961311e-03,7.827435620129108429e-03,4.857800900936126709e-02,2.766190528869628906e+00,2.452751350402832031e+01,9.730244636535644531e+00,3.090277910232543945e-01,2.354880981147289276e-02,8.232991397380828857e-02,7.540223598480224609e-01,3.882905006408691406e+00,1.535214185714721680e+00,7.012341171503067017e-02,1.633288264274597168e-01,2.619242668151855469e-01,1.328832387924194336e+00,7.628993988037109375e-01,5.299714580178260803e-02,1.022188365459442139e-01,3.001713156700134277e-01,2.184170782566070557e-01,8.434919640421867371e-03,1.942030969075858593e-03,8.441052585840225220e-02,4.001392796635627747e-02,4.453873727470636368e-03,5.588829889893531799e-02,4.150678515434265137e-01,5.269610136747360229e-02,2.904644701629877090e-03,1.225353963673114777e-02,5.245343782007694244e-03,2.806119737215340137e-04,8.176130242645740509e-03,8.601524867117404938e-03,3.816492483019828796e-02,3.880217671394348145e-01,2.934845723211765289e-02,6.306826323270797729e-02,1.054269894957542419e-01,1.514758169651031494e-02,4.802865907549858093e-02,2.928804606199264526e-02,2.171643078327178955e-02,1.923457160592079163e-02,3.692924976348876953e-02,4.502129554748535156e-02,2.353456430137157440e-02,1.589899882674217224e-02,3.293346613645553589e-03,1.287852646782994270e-03,2.821559974108822644e-05
2.927224559243768454e-04,2.582571869425009936e-05,2.758671371339005418e-06,3.851776568808418233e-07,3.543946149875409901e-07,2.074690200970508158e-06,1.292675278818933293e-05,1.212293136632069945e-04,5.216480232775211334e-03,3.320765681564807892e-03,4.155146598350256681e-04,2.499158144928514957e-04,4.379332240205258131e-04,9.995857253670692444e-04,1.999249309301376343e-02,1.609942130744457245e-02,1.953818462789058685e-02,8.280413627624511719e+00,3.199856567382812500e+02,1.453924804687500000e+03,2.937280578613281250e+02,4.519949913024902344e+00,3.986593484878540039e-01,2.412489205598831177e-01,1.579285711050033569e-01,3.527632728219032288e-02,2.037197351455688477e-02,2.933339960873126984e-02,6.707494147121906281e-03,9.156146552413702011e-04,1.659910194575786591e-03,1.499563106335699558e-03,2.195395063608884811e-03,6.708509172312915325e-04,7.525769178755581379e-04,1.237942022271454334e-03,1.646666671149432659e-03,1.538174450397491455e-01,3.030430078506469727e+00,6.568502902984619141e+00,3.065099120140075684e-01,9.831601753830909729e-03,1.620202674530446529e-03,3.981347617809660733e-05,3.972852937295101583e-05,4.114480816497234628e-06,6.042835138941882178e-07,1.128135409089736640e-05,3.392505095689557493e-05,4.188149432593490928e-06,2.798819195959367789e-06,1.712394296191632748e-03,9.613786824047565460e-03,3.582251667976379395e-01,1.227633714675903320e+00,9.500175714492797852e-01,3.969133272767066956e-02,4.116690834052860737e-04,5.011106986785307527e-05,1.215044321725144982e-04,5.505097215063869953e-05,1.546889543533325195e-04,2.377676311880350113e-03,3.829098492860794067e-02,5.846364423632621765e-02,4.267849922180175781e-01,3.677791059017181396e-01,8.786076679825782776e-03,2.072448551189154387e-04,2.063803840428590775e-04,8.170945802703499794e-04,5.213876254856586456e-03,4.259534925222396851e-02,1.078738093376159668e+00,7.427078485488891602e-01,3.496935591101646423e-02,4.402304999530315399e-03,1.851004920899868011e-02,3.357325494289398193e-02,3.451263189315795898e+00,3.052684402465820312e+01,1.020139026641845703e+01,3.256920576095581055e-01,4.762294515967369080e-02,8.852325379848480225e-02,3.698142468929290771e-01,1.899549245834350586e+00,9.172794222831726074e-01,9.826050698757171631e-02,1.474095880985260010e-01,2.945069372653961182e-01,1.912165880203247070e+00,9.347937107086181641e-01,6.808854639530181885e-02,8.484952151775360107e-02,4.488446116447448730e-01,2.138986289501190186e-01,5.202410742640495300e-03,3.678251290693879128e-03,1.111141592264175415e-01,3.966872394084930420e-02,4.052342381328344345e-03,1.310474872589111328e-01,6.301656961441040039e-01,7.913580536842346191e-02,5.938391201198101044e-03,1.066562067717313766e-02,3.884589299559593201e-03,1.821672078222036362e-03,2.035411074757575989e-02,7.657777518033981323e-03,4.172313213348388672e-02,3.548609316349029541e-01,4.044911265373229980e-02,6.276477873325347900e-02,9.004856646060943604e-02,9.529044851660728455e-03,3.211233392357826233e-02,1.523012202233076096e-02,1.727581210434436798e-02,1.573328673839569092e-02,2.735996991395950317e-02,3.022420406341552734e-02,1.472461502999067307e-02,5.906564183533191681e-03,2.145312959328293800e-03,1.129165058955550194e-03,5.629174847854301333e-05
3.680020570755004883e-02,2.475676313042640686e-02,2.367451600730419159e-02,2.636936865746974945e-02,3.338411822915077209e-02,3.725282847881317139e-02,4.515755176544189453e-02,5.620968341827392578e-02,7.839751988649368286e-02,7.241180539131164551e-02,1.153394356369972229e-01,1.513168960809707642e-01,2.260389924049377441e-01,2.900533080101013184e-01,4.299674034118652344e-01,8.119923472404479980e-01,1.735623955726623535e+00,2.698144531250000000e+01,2.786909179687500000e+02,1.101773559570312500e+03,1.057042617797851562e+02,4.665394783020019531e+00,1.544014453887939453e+00,7.361387610435485840e-01,5.759519338607788086e-01,4.516273736953735352e-01,2.564579546451568604e-01,1.983545571565628052e-01,1.830231547355651855e-01,1.309161931276321411e-01,1.069378405809402466e-01,7.905919849872589111e-02,7.769909501075744629e-02,6.074506416916847229e-02,4.680275171995162964e-02,2.720455452799797058e-02,1.336151175200939178e-02,3.456723392009735107e-01,1.416511344909667969e+01,1.425771617889404297e+01,3.836134672164916992e-01,1.418084204196929932e-01,7.822400331497192383e-02,6.225720793008804321e-02,5.607238784432411194e-02,4.844011366367340088e-02,4.342463985085487366e-02,3.920005261898040771e-02,3.680354729294776917e-02,3.324290737509727478e-02,3.127598017454147339e-02,2.991186454892158508e-02,4.265433922410011292e-02,2.431261241436004639e-01,4.425132572650909424e-01,5.990752577781677246e-01,1.009922623634338379e-01,2.119420468807220459e-02,1.961146853864192963e-02,1.810804754495620728e-02,1.646158844232559204e-02,1.561328023672103882e-02,1.720581017434597015e-02,4.113005101680755615e-02,8.945281803607940674e-02,4.554921984672546387e-01,3.212794363498687744e-01,1.577199622988700867e-02,1.462004892528057098e-02,1.467893179506063461e-02,1.288708206266164780e-02,1.730937138199806213e-02,1.743839085102081299e-01,1.048294901847839355e+00,2.944591045379638672e-01,4.795499145984649658e-02,3.716507554054260254e-02,5.615445971488952637e-02,1.280155628919601440e-01,1.000593757629394531e+01,2.333082580566406250e+01,4.856502532958984375e+00,2.612520456314086914e-01,4.836562648415565491e-02,1.035432368516921997e-01,7.904470562934875488e-01,2.062721729278564453e+00,4.958583414554595947e-01,6.225542351603507996e-02,7.869295775890350342e-02,5.586262345314025879e-01,1.751032352447509766e+00,5.622664093971252441e-01,8.071427047252655029e-02,1.995391547679901123e-01,5.937288403511047363e-01,1.175898164510726929e-01,9.245933964848518372e-03,1.232850458472967148e-02,8.039361238479614258e-02,1.875020191073417664e-02,8.936625905334949493e-03,8.579949140548706055e-01,6.405380368232727051e-01,4.342188313603401184e-02,6.973209790885448456e-03,1.266389433294534683e-02,2.635921584442257881e-03,4.362320993095636368e-03,2.032873779535293579e-02,6.038631312549114227e-03,3.318484500050544739e-02,1.364284157752990723e-01,2.368953265249729156e-02,2.079224213957786560e-02,2.216268330812454224e-02,6.012599449604749680e-03,1.890696585178375244e-02,5.475203506648540497e-03,1.821856386959552765e-02,1.499502360820770264e-02,1.313479989767074585e-02,1.400499697774648666e-02,1.016691979020833969e-02,3.963494207710027695e-03,2.465006196871399879e-03,1.302029239013791084e-03,4.416978335939347744e-04
2.952243089675903320e-01,2.614096999168395996e-01,2.546647191047668457e-01,2.717345952987670898e-01,3.354747295379638672e-01,3.695228695869445801e-01,4.464298486709594727e-01,5.532898306846618652e-01,6.467067599296569824e-01,7.507047653198242188e-01,1.056699395179748535e+00,1.444957494735717773e+00,2.080623149871826172e+00,2.743645668029785156e+00,4.300332069396972656e+00,7.490280151367187500e+00,1.639056015014648438e+01,8.935695648193359375e+01,4.911161499023437500e+02,9.156983642578125000e+02,2.110147857666015625e+02,3.168243408203125000e+01,1.132618713378906250e+01,6.120347499847412109e+00,4.743237495422363281e+00,3.551353693008422852e+00,2.325627565383911133e+00,1.864926457405090332e+00,1.520840644836425781e+00,1.223489046096801758e+00,9.533940553665161133e-01,7.392011880874633789e-01,6.847263574600219727e-01,5.221753716468811035e-01,3.998522460460662842e-01,2.221287935972213745e-01,6.611996144056320190e-02,6.493899822235107422e-01,1.314516830444335938e+01,1.445495033264160156e+01,1.777707099914550781e+00,1.141696572303771973e+00,7.451343536376953125e-01,5.884825587272644043e-01,5.135309696197509766e-01,4.479445219039916992e-01,3.992930948734283447e-01,3.600566387176513672e-01,3.351746499538421631e-01,3.029409945011138916e-01,2.799761593341827393e-01,2.603424787521362305e-01,2.712968289852142334e-01,3.078817427158355713e-01,1.807184368371963501e-01,3.914773464202880859e-01,2.780671417713165283e-01,1.871233135461807251e-01,1.759278476238250732e-01,1.621312499046325684e-01,1.507256627082824707e-01,1.422034800052642822e-01,1.368025690317153931e-01,1.134940683841705322e-01,1.176291406154632568e-01,3.463627398014068604e-01,3.195670247077941895e-01,1.249339580535888672e-01,1.320234388113021851e-01,1.329860985279083252e-01,1.216582879424095154e-01,1.409035027027130127e-01,2.569601535797119141e-01,7.177301645278930664e-01,3.315853178501129150e-01,2.646953761577606201e-01,2.993034124374389648e-01,4.173559844493865967e-01,9.595010876655578613e-01,1.820683288574218750e+01,2.425482368469238281e+01,4.320650577545166016e+00,2.735388576984405518e-01,1.325547993183135986e-01,1.063513308763504028e-01,6.054956912994384766e-01,1.334429264068603516e+00,1.766345798969268799e-01,2.385828644037246704e-02,8.704454451799392700e-02,7.804973721504211426e-01,1.784557342529296875e+00,2.583636641502380371e-01,4.833606630563735962e-02,3.509581089019775391e-01,7.269072532653808594e-01,5.017480999231338501e-02,8.359398692846298218e-03,1.333412434905767441e-02,7.074822485446929932e-02,1.329137664288282394e-02,1.283200830221176147e-02,8.448111414909362793e-01,5.922659635543823242e-01,2.839518152177333832e-02,9.779264219105243683e-03,1.055456325411796570e-02,4.732976201921701431e-03,6.219983100891113281e-03,1.016948558390140533e-02,8.230433799326419830e-03,2.027313224971294403e-02,3.684756904840469360e-02,1.630754768848419189e-02,1.050873659551143646e-02,1.237757410854101181e-02,6.694858893752098083e-03,1.736268587410449982e-02,5.413916893303394318e-03,1.597220636904239655e-02,1.368243433535099030e-02,8.892147801816463470e-03,1.309577375650405884e-02,8.054110221564769745e-03,4.486192017793655396e-03,5.095966160297393799e-03,4.588300362229347229e-03,3.245117142796516418e-03

Feature: mfcc
-1.446750488281250000e+02,9.457314300537109375e+01,2.182880783081054688e+01,3.753298187255859375e+01,-3.743525695800781250e+01,-3.825366973876953125e+01,6.247970104217529297e+00,-2.447727966308593750e+01,-1.647025489807128906e+01,-1.409408092498779297e+00,-1.895532989501953125e+01,5.792056560516357422e+00,9.697782516479492188e+00,2.965184020996093750e+01,3.603592872619628906e+00,1.542261505126953125e+01,-3.588189601898193359e+00,8.088363409042358398e-01,-2.557123565673828125e+01,-4.920202732086181641e+00,1.117638301849365234e+01,8.138354301452636719e+00,-9.124429702758789062e+00,-1.790102005004882812e+01,-5.011302947998046875e+00,1.200036430358886719e+01,-6.193513870239257812e+00,9.777309417724609375e+00,-8.088301420211791992e-01,2.640820693969726562e+01,-7.092995643615722656e+00,-7.760929584503173828e+00,4.780697822570800781e+00,-1.231540799140930176e+00,-9.801571846008300781e+00,5.203962326049804688e-01,-8.917162895202636719e+00,-1.940676450729370117e+00,-6.574088573455810547e+00,1.034326362609863281e+01
-1.409761352539062500e+02,6.934564971923828125e+01,1.411798667907714844e+01,3.442370605468750000e+01,-4.339860534667968750e+01,-4.967018890380859375e+01,1.909556388854980469e+00,-2.677492523193359375e+01,-1.125299739837646484e+01,4.986587047576904297e+00,-1.870636749267578125e+01,5.096950531005859375e+00,1.937128782272338867e+00,3.034663009643554688e+01,3.981596231460571289e+00,2.436791038513183594e+01,1.292888522148132324e+00,-4.361299514770507812e+00,-2.356494903564453125e+01,-1.880434751510620117e+00,1.045320224761962891e+01,1.844333767890930176e+00,-1.269769954681396484e+01,-2.279222869873046875e+01,-4.685705184936523438e+00,1.684412384033203125e+01,-7.379810810089111328e+00,1.279931449890136719e+01,5.729013085365295410e-01,3.088991737365722656e+01,-7.507553100585937500e+00,-1.060598278045654297e+01,6.314618110656738281e+00,-1.039052724838256836e+00,-8.891783714294433594e+00,-1.664403438568115234e+00,-1.179739379882812500e+01,-6.637860298156738281e+00,-1.095572853088378906e+01,1.831852149963378906e+01
-1.743115844726562500e+02,1.722087478637695312e+01,-2.240937423706054688e+01,7.055435180664062500e+00,-6.813522338867187500e+01,-7.621435546875000000e+01,-2.336506271362304688e+01,-4.638421630859375000e+01,-1.757898902893066406e+01,7.469991683959960938e+00,-3.099328994750976562e+01,-4.913022041320800781e+00,-3.584192752838134766e+00,3.055330276489257812e+01,1.587108612060546875e+01,3.553786468505859375e+01,4.123951435089111328e+00,-8.836044311523437500e+00,-2.089946174621582031e+01,6.329114913940429688e+00,2.375023841857910156e+01,2.781226634979248047e+00,-1.756859397888183594e+01,-2.086829185485839844e+01,-5.815523147583007812e+00,2.225427246093750000e+01,-7.516092300415039062e+00,1.553025627136230469e+01,8.315328598022460938e+00,3.872308731079101562e+01,-3.198816537857055664e+00,-1.058232688903808594e+01,5.499148368835449219e+00,-4.153141975402832031e+00,-1.334067153930664062e+01,-3.885988712310791016e+00,-1.059354209899902344e+01,-9.225521087646484375e+00,-1.397731685638427734e+01,1.880783081054687500e+01
-1.811872558593750000e+02,1.747634887695312500e+01,-2.135359764099121094e+01,1.063432502746582031e+01,-6.146686553955078125e+01,-7.362994384765625000e+01,-1.971534729003906250e+01,-4.461443328857421875e+01,-1.882692718505859375e+01,1.275952148437500000e+01,-3.028256034851074219e+01,-3.223713159561157227e+00,1.715028643608093262e+00,3.157314682006835938e+01,2.319665527343750000e+01,4.101914215087890625e+01,4.670453071594238281e+00,-9.518445968627929688e+00,-2.129993057250976562e+01,3.182559490203857422e+00,2.448391723632812500e+01,-1.841339945793151855e+00,-2.172504806518554688e+01,-2.163155174255371094e+01,-6.459813594818115234e+00,2.503551101684570312e+01,-5.375191688537597656e+00,1.594081115722656250e+01,1.497315216064453125e+01,3.671796417236328125e+01,-1.024797821044921875e+01,-1.584687423706054688e+01,3.913037300109863281e+00,-4.645318984985351562e-01,-1.626098060607910156e+01,-1.026342630386352539e+00,-1.060034751892089844e+01,-1.461342716217041016e+01,-1.554883861541748047e+01,1.921739006042480469e+01
-1.976020812988281250e+02,1.127509021759033203e+01,-1.606004333496093750e+01,1.713052177429199219e+01,-5.501289749145507812e+01,-7.284500122070312500e+01,-1.755072593688964844e+01,-4.428713989257812500e+01,-2.209693527221679688e+01,1.100788307189941406e+01,-2.037846183776855469e+01,2.436704158782958984e+00,1.573817729949951172e+00,3.287350082397460938e+01,2.300691413879394531e+01,4.421162414550781250e+01,4.759401798248291016e+00,-9.654267311096191406e+00,-1.966946220397949219e+01,4.171686172485351562e+00,2.073203468322753906e+01,-3.047640800476074219e+00,-2.322526168823242188e+01,-2.124951934814453125e+01,-6.944096088409423828e-01,2.583640098571777344e+01,-7.531897068023681641e+00,1.293298530578613281e+01,1.497928428649902344e+01,4.041076660156250000e+01,-8.074598312377929688e+00,-1.502058887481689453e+01,3.823557853698730469e+00,-1.015233278274536133e+00,-2.076579475402832031e+01,-9.681401252746582031e-01,-1.264519882202148438e+01,-1.606536674499511719e+01,-1.759489822387695312e+01,1.809045028686523438e+01
-1.985651550292968750e+02,9.107407569885253906e+00,-5.126082420349121094e+00,1.651398086547851562e+01,-5.323001480102539062e+01,-7.418334197998046875e+01,-1.972820472717285156e+01,-4.145250320434570312e+01,-2.504413223266601562e+01,1.230780506134033203e+01,-2.311210060119628906e+01,7.948201894760131836e-01,-1.696918725967407227e+00,3.490049362182617188e+01,2.550773239135742188e+01,4.132556152343750000e+01,3.326203823089599609e+00,-1.482279014587402344e+01,-2.411154937744140625e+01,1.111612510681152344e+01,2.475470352172851562e+01,2.266915798187255859e+00,-2.510076141357421875e+01,-2.255805778503417969e+01,1.700429916381835938e+00,2.822138786315917969e+01,-1.143652153015136719e+01,9.879446029663085938e+00,1.661174774169921875e+01,4.220974731445312500e+01,-3.682795286178588867e+00,-1.320989894866943359e+01,7.803710460662841797e+00,-8.567360639572143555e-01,-2.011592864990234375e+01,-4.579304695129394531e+00,-1.332414436340332031e+01,-1.392675781250000000e+01,-1.126540756225585938e+01,2.624718093872070312e+01
-1.927235565185546875e+02,9.319873809814453125e+00,7.768552303314208984e+00,1.874906730651855469e+01,-5.151837921142578125e+01,-7.282362365722656250e+01,-1.969618034362792969e+01,-3.301857376098632812e+01,-2.202122879028320312e+01,1.171722412109375000e+01,-2.858691024780273438e+01,2.093390703201293945e+00,-1.274246811866760254e+00,3.667958831787109375e+01,3.145260620117187500e+01,3.970162963867187500e+01,1.805441379547119141e+00,-2.499140930175781250e+01,-2.784525680541992188e+01,1.050618171691894531e+01,2.325181770324707031e+01,-2.404555082321166992e+00,-2.951352310180664062e+01,-2.388391304016113281e+01,2.970383405685424805e+00,3.322349929809570312e+01,-1.217058753967285156e+01,6.903275489807128906e+00,2.126605033874511719e+01,3.364065551757812500e+01,-1.244409942626953125e+01,-1.874938964843750000e+01,1.195336151123046875e+01,1.881174802780151367e+00,-2.006120109558105469e+01,-5.500473976135253906e+00,-1.150064659118652344e+01,-1.100926780700683594e+01,-9.332105636596679688e+00,2.895577812194824219e+01
-1.910872955322265625e+02,1.316670179367065430e+00,5.403755187988281250e+00,2.027515220642089844e+01,-5.606932449340820312e+01,-6.670431518554687500e+01,-1.481734657287597656e+01,-2.888716888427734375e+01,-2.745033645629882812e+01,8.948646545410156250e+00,-2.738080978393554688e+01,1.521683216094970703e+00,-1.141453981399536133e+00,4.759773635864257812e+01,3.276304626464843750e+01,3.850853729248046875e+01,-6.859624862670898438e+00,-2.711347579956054688e+01,-2.861003112792968750e+01,1.401107978820800781e+01,2.371937942504882812e+01,-1.225711441040039062e+01,-2.946538543701171875e+01,-1.817621612548828125e+01,7.202829360961914062e+00,3.597003173828125000e+01,-1.169914817810058594e+01,1.333937263488769531e+01,2.841434478759765625e+01,2.778132629394531250e+01,-2.171932220458984375e+01,-1.646781349182128906e+01,1.841241645812988281e+01,1.469762563705444336e+00,-2.235191917419433594e+01,-1.509587645530700684e+00,-1.118635082244873047e+01,-7.673048973083496094e+00,-6.032271385192871094e+00,2.711824989318847656e+01
-1.873926086425781250e+02,-1.567371726036071777e+00,9.465892791748046875e+00,1.945215415954589844e+01,-5.531639862060546875e+01,-6.229924774169921875e+01,-1.551708793640136719e+01,-3.233086776733398438e+01,-3.679363250732421875e+01,6.865793228149414062e+00,-2.475304412841796875e+01,4.431874752044677734e+00,3.722674131393432617e+00,6.029701232910156250e+01,3.525097656250000000e+01,4.063960647583007812e+01,-1.396397399902343750e+01,-2.449325942993164062e+01,-1.727572059631347656e+01,2.349488449096679688e+01,3.011566162109375000e+01,-1.299573230743408203e+01,-2.448578643798828125e+01,-7.581043243408203125e+00,7.558218002319335938e+00,3.554919052124023438e+01,-1.438753700256347656e+01,1.851096725463867188e+01,3.230755615234375000e+01,2.723737907409667969e+01,-2.602843856811523438e+01,-1.047753524780273438e+01,2.496277618408203125e+01,-6.676546335220336914e-01,-2.058890914916992188e+01,2.292096614837646484e+00,-1.238951778411865234e+01,-9.058154106140136719e+00,4.181751251220703125e+00,2.389969253540039062e+01
-1.921782684326171875e+02,-1.050993919372558594e+00,1.555413722991943359e+01,2.815927505493164062e+01,-5.484616851806640625e+01,-6.008300781250000000e+01,-1.231409645080566406e+01,-3.611166000366210938e+01,-3.356856536865234375e+01,7.484718322753906250e+00,-2.238406181335449219e+01,6.339925765991210938e+00,5.609940528869628906e+00,6.392415618896484375e+01,3.951025390625000000e+01,4.027793121337890625e+01,-1.766341590881347656e+01,-2.491077995300292969e+01,-1.234188270568847656e+01,2.591550827026367188e+01,2.559049224853515625e+01,-1.692994117736816406e+01,-2.547276115417480469e+01,-1.068751335144042969e+00,1.345103073120117188e+01,3.338366699218750000e+01,-1.725442886352539062e+01,2.612694931030273438e+01,3.358010864257812500e+01,1.914899826049804688e+01,-2.815561485290527344e+01,-8.890325546264648438e+00,2.465578269958496094e+01,-1.974403381347656250e+00,-1.655355072021484375e+01,2.037688970565795898e+00,-1.551629066467285156e+01,-1.203743457794189453e+01,1.040322875976562500e+01,2.654628562927246094e+01
-2.048129577636718750e+02,-1.692058944702148438e+01,5.627586364746093750e+00,3.195658874511718750e+01,-5.419125366210937500e+01,-6.736397552490234375e+01,-1.240376663208007812e+01,-4.237393951416015625e+01,-2.750205612182617188e+01,9.360610961914062500e+00,-1.748106765747070312e+01,6.865539073944091797e+00,7.174633979797363281e+00,6.273988342285156250e+01,4.263822555541992188e+01,3.582021713256835938e+01,-1.837140274047851562e+01,-2.699443435668945312e+01,-1.378702354431152344e+01,2.351804733276367188e+01,1.514200592041015625e+01,-2.556837081909179688e+01,-2.747461891174316406e+01,4.470739841461181641e+00,1.948071479797363281e+01,2.917189407348632812e+01,-1.081712627410888672e+01,3.747912216186523438e+01,3.373844909667968750e+01,4.405924797058105469e+00,-3.138553619384765625e+01,-7.601951599121093750e+00,2.169355392456054688e+01,-2.701875209808349609e+00,-1.110138797760009766e+01,6.549126148223876953e+00,-1.652946853637695312e+01,-1.075621128082275391e+01,1.691766738891601562e+01,2.904985046386718750e+01
-2.066183319091796875e+02,-2.840032577514648438e+01,-5.894569396972656250e+00,2.546432876586914062e+01,-6.283173751831054688e+01,-7.364846801757812500e+01,-2.363705444335937500e+01,-4.591875457763671875e+01,-3.161628723144531250e+01,8.283120155334472656e+00,-2.307943534851074219e+01,2.211082935333251953e+00,7.839443683624267578e+00,5.786494445800781250e+01,3.838122177124023438e+01,2.982760620117187500e+01,-2.311312675476074219e+01,-3.331851959228515625e+01,-1.753224182128906250e+01,2.261277389526367188e+01,1.043640327453613281e+01,-3.232820129394531250e+01,-3.311447906494140625e+01,3.254682064056396484e+00,2.054047393798828125e+01,2.414628982543945312e+01,-1.079566764831542969e+01,3.723812103271484375e+01,2.998205566406250000e+01,2.341868400573730469e+00,-3.532131195068359375e+01,-4.863953113555908203e+00,2.335695457458496094e+01,-1.866721868515014648e+00,-9.914885520935058594e+00,1.089012813568115234e+01,-1.584566593170166016e+01,-9.769662857055664062e+00,1.665096664428710938e+01,2.143167495727539062e+01
-2.066511993408203125e+02,-3.443955230712890625e+01,-7.492405891418457031e+00,2.869245910644531250e+01,-6.650140380859375000e+01,-7.210109710693359375e+01,-3.110358428955078125e+01,-3.773030090332031250e+01,-3.421297454833984375e+01,7.146158218383789062e+00,-1.928814315795898438e+01,6.496770858764648438e+00,1.181739807128906250e+01,5.320742797851562500e+01,3.627417755126953125e+01,2.393290519714355469e+01,-2.822206878662109375e+01,-3.907713317871093750e+01,-1.886742210388183594e+01,2.248181724548339844e+01,1.172472190856933594e+01,-3.383042144775390625e+01,-3.497075653076171875e+01,3.951398372650146484e+00,1.546036243438720703e+01,2.600462913513183594e+01,-1.417751312255859375e+01,3.361776351928710938e+01,2.889786148071289062e+01,1.858640193939208984e+00,-3.214589309692382812e+01,-1.589464187622070312e+00,2.724313926696777344e+01,-3.869358062744140625e+00,-1.093112468719482422e+01,8.335480690002441406e+00,-1.614031791687011719e+01,-5.457390785217285156e+00,2.127129936218261719e+01,1.791144561767578125e+01
-2.093521575927734375e+02,-3.944003295898437500e+01,-9.835985183715820312e+00,3.655082702636718750e+01,-6.185788726806640625e+01,-6.452467346191406250e+01,-3.554468536376953125e+01,-3.700238037109375000e+01,-3.667562103271484375e+01,6.317285537719726562e+00,-1.732101821899414062e+01,5.823898315429687500e+00,1.698952865600585938e+01,5.491510772705078125e+01,3.555350494384765625e+01,1.724821090698242188e+01,-2.751973342895507812e+01,-3.761760711669921875e+01,-1.967400932312011719e+01,2.390336608886718750e+01,1.325575256347656250e+01,-3.348669815063476562e+01,-3.200022888183593750e+01,5.685132503509521484e+00,1.550039863586425781e+01,2.725178527832031250e+01,-1.110749626159667969e+01,3.492536163330078125e+01,3.120784759521484375e+01,1.370543241500854492e-01,-2.832758331298828125e+01,1.729321479797363281e+00,2.718672561645507812e+01,-6.499539375305175781e+00,-1.256511974334716797e+01,3.283122062683105469e+00,-1.841761398315429688e+01,-6.492975234985351562e+00,2.227563095092773438e+01,1.940909194946289062e+01
-1.136504745483398438e+02,4.427310943603515625e+01,-1.308428382873535156e+01,2.910039329528808594e+01,-3.946095275878906250e+01,-2.794403076171875000e+01,-1.105021095275878906e+01,-2.564681816101074219e+01,-3.157841110229492188e+01,-3.410537004470825195e+00,-9.309658050537109375e+00,6.153995513916015625e+00,1.238682746887207031e+01,3.089596939086914062e+01,1.246874046325683594e+01,8.846183776855468750e+00,-5.917352199554443359e+00,-9.003879547119140625e+00,-1.015593528747558594e+01,7.228125572204589844e+00,7.545757293701171875e-02,-2.126261329650878906e+01,-1.114677810668945312e+01,6.661224365234375000e-02,-3.499609470367431641e+00,2.019622039794921875e+01,-2.821632862091064453e+00,2.039662933349609375e+01,1.112995910644531250e+01,-3.909812688827514648e+00,-1.286380004882812500e+01,-6.656004905700683594e+00,1.592471504211425781e+01,-8.050792694091796875e+00,-1.066046047210693359e+01,4.395778656005859375e+00,-1.335867214202880859e+01,-8.446650505065917969e+00,1.386635398864746094e+01,1.586986351013183594e+01
-6.255786514282226562e+01,8.506648254394531250e+01,-1.696871948242187500e+01,2.370487785339355469e+01,-2.905877494812011719e+01,-3.035064506530761719e+01,-9.023108482360839844e+00,-2.117835235595703125e+01,-2.778105163574218750e+01,-8.867303848266601562e+00,-1.864711642265319824e-01,4.297238826751708984e+00,1.119723320007324219e+01,2.337389755249023438e+01,5.752500057220458984e+00,1.639333128929138184e+00,6.377919316291809082e-01,-1.187053918838500977e+00,-8.749004364013671875e+00,3.869533061981201172e+00,-6.263183951377868652e-01,-1.893561935424804688e+01,-1.275921106338500977e+00,-2.643075942993164062e+00,-6.887434959411621094e+00,1.759590721130371094e+01,3.058780670166015625e+00,9.962487220764160156e+00,1.988413691520690918e+00,-3.326676130294799805e+00,-7.406560182571411133e-01,-7.070256233215332031e+00,1.018259048461914062e+01,-4.815885066986083984e+00,-8.078733444213867188e+00,2.386411190032958984e+00,-8.086053848266601562e+00,-4.793564796447753906e+00,7.614258766174316406e+00,1.042359352111816406e+01

Feature: rms
1.898074746131896973e-01
2.547643780708312988e-01
3.294086456298828125e-01
3.577426373958587646e-01
3.901399672031402588e-01
4.135488271713256836e-01
3.707646429538726807e-01
3.766716122627258301e-01
3.854354023933410645e-01
3.409283459186553955e-01
3.412845134735107422e-01
3.032579123973846436e-01
2.419320046901702881e-01
2.474180459976196289e-01
2.466814368963241577e-01
2.074975073337554932e-01

Feature: spectral_centroid
1.973169793290868256e+03
2.245564255833164680e+03
2.467745750560782199e+03
2.271936344453530637e+03
2.251203188476949890e+03
2.376314695100999415e+03
2.346934221493908808e+03
2.612432925930738747e+03
2.756731135712092964e+03
2.405719922518379462e+03
2.540300296230857384e+03
2.894392062437026198e+03
3.008062122561358137e+03
2.816952566274873789e+03
2.686721885228956126e+03
2.209367086991486758e+03

Feature: spectral_bandwidth
2.407566181982783746e+03
2.533832549931680205e+03
2.574723696999196818e+03
2.454298220539186332e+03
2.494854237846801425e+03
2.666356341235049968e+03
2.717154765773355393e+03
2.745986482476268066e+03
2.761532239033273981e+03
2.637872515574996214e+03
2.686461638396465332e+03
2.701875560629142456e+03
2.591560625610979059e+03
2.502174544163772680e+03
2.392731627650014616e+03
2.251589242048208689e+03

Feature: spectral_contrast
7.715951509086531601e-01,3.290780447018778254e+00,2.515880987453485318e+01,2.129149273013993593e+01,1.747139539152225396e+01,2.145628098758539082e+01,2.661353808777004204e+01
1.105986397305494418e+00,4.045280170984467460e+00,3.214810101756259542e+01,2.583397419814711782e+01,2.216135060305639826e+01,2.462090774621790246e+01,3.122536472873995095e+01
6.840847318707364622e+00,1.766490396552241648e+01,2.707570359642483382e+01,2.879812656975500573e+01,2.528437566819715698e+01,3.049899102266083872e+01,5.333767953831128494e+01
1.199706444561239138e+01,2.360761371629984140e+01,2.740938226307070025e+01,3.260037530870893363e+01,2.838549892777318107e+01,3.043889191438701047e+01,5.469394401599667077e+01
1.516303729162937231e+01,1.686676203106741667e+01,2.821934411650574148e+01,3.012317571536832617e+01,3.167634177234783266e+01,3.045289562253782378e+01,5.631338389453387094e+01
1.441753148800552964e+01,1.673973013498407170e+01,3.174260193725069001e+01,3.683268705411053645e+01,3.147609724595778147e+01,3.412753533982269261e+01,5.634452369376260350e+01
1.628701316715233460e+01,1.354094244960432292e+01,3.603066041708554224e+01,4.230939733771886324e+01,3.112143250790359161e+01,3.173508561123533767e+01,5.700625678993708334e+01
1.492490555070496683e+01,1.255938277401381775e+01,2.927412602831578425e+01,3.637071627239669880e+01,3.633803380872381439e+01,3.046584363241404247e+01,5.956201665809123824e+01
1.937529508098008080e+01,2.025045910878528588e+01,3.155893256166898908e+01,3.938425252873324922e+01,3.782787467150041749e+01,2.868818923705370594e+01,6.076045440221684402e+01
2.123108978097212685e+01,1.336988864768355434e+01,3.443735249542252319e+01,4.000585408451226499e+01,3.990476035634029017e+01,2.867139158435727708e+01,6.145655419031268707e+01
1.972228721513513960e+01,1.088536938699871470e+01,3.317065362369864090e+01,3.995012466681123442e+01,3.823350219432408892e+01,2.722688233401984093e+01,5.722678041583741049e+01
1.508438706863174872e+01,1.532127600424104052e+01,2.879653531765030294e+01,4.060049882552559808e+01,3.549677263132204530e+01,2.716246819564392112e+01,5.531991461030334278e+01
1.745612084544227116e+01,1.934265827517331715e+01,2.915806591272327708e+01,3.925876322280927866e+01,3.600777250326151346e+01,2.658080116631755985e+01,5.640062133921480836e+01
2.370156110103108205e+01,1.425946123346506234e+01,3.544416141300862222e+01,4.001762579284906707e+01,3.904514376159427513e+01,2.628414964972702705e+01,5.587604844190457953e+01
4.107380075166116029e+00,5.704699339755862297e+00,2.119691942856128719e+01,1.777882655850055116e+01,2.028260441270716541e+01,2.300696390356499421e+01,1.919292726783932679e+01
1.473059123743135634e+00,4.574445806385106117e+00,1.507033742542989252e+01,1.575954270915913824e+01,1.729858335945487369e+01,2.007239148781636828e+01,1.359537922599328752e+01

Feature: spectral_flatness
2.374468604102730751e-03
1.210679649375379086e-03
6.863534217700362206e-04
3.507177170831710100e-04
2.393479517195373774e-04
2.654443669598549604e-04
3.074966371059417725e-04
5.249948590062558651e-04
6.528923404403030872e-04
3.007950726896524429e-04
4.936498007737100124e-04
1.348391757346689701e-03
1.433762139640748501e-03
8.714369032531976700e-04
4.399715457111597061e-03
7.806147448718547821e-03

Feature: spectral_rolloff
4.026708984375000000e+03
4.489672851562500000e+03
4.511206054687500000e+03
4.059008789062500000e+03
4.080541992187500000e+03
4.489672851562500000e+03
4.575805664062500000e+03
5.598632812500000000e+03
5.943164062500000000e+03
4.758837890625000000e+03
4.748071289062500000e+03
5.652465820312500000e+03
5.673999023437500000e+03
5.577099609375000000e+03
5.092602539062500000e+03
4.177441406250000000e+03

Feature: poly_features
-3.598917596154184591e-04,3.015890201243212498e+00
-3.774252190503933559e-04,3.253058749013100659e+00
-3.525778467564653147e-04,3.118824207862414877e+00
-4.155703231262393416e-04,3.592340847245517388e+00
-3.871379162515634618e-04,3.338852763125161882e+00
-3.773421646411605885e-04,3.301214833216421063e+00
-4.255729331806626641e-04,3.710384305537326899e+00
-3.945465629132620779e-04,3.555683234001978388e+00
-3.877016971626503160e-04,3.565041414810183884e+00
-4.768930390104048674e-04,4.186752247397497406e+00
-4.140174577269741386e-04,3.695993252873717605e+00
-3.321222509982805528e-04,3.118284013731591031e+00
-3.147385861705480890e-04,3.010445405581918976e+00
-3.639319141589733011e-04,3.376414291249590249e+00
-3.890219027717075153e-04,3.541685730758398432e+00
-6.334394678194402682e-04,5.438102094447638812e+00

Feature: tonnetz
1.448702070426163280e-01,-1.470327320893753953e-01,3.672075700014827970e-01,1.180583760142325661e-01,-1.323988984780221645e-01,-2.261070860549831141e-02
2.224591828194963927e-01,-2.639095970358975030e-01,5.301350811496375881e-01,1.256633158773184100e-01,-2.026100438479524757e-01,-5.230800760909953134e-02
2.645518781777346784e-01,-3.852911671311797792e-01,6.349726598709820591e-01,5.370712140575053389e-02,-2.447692979461127960e-01,-1.058074465254326274e-01
3.402979296055853031e-01,-4.891245498033519046e-01,7.137622633017599583e-01,6.542345089837915684e-02,-2.907387409790362920e-01,-1.121748305158695169e-01
3.602497243555444761e-01,-5.347259026869030096e-01,7.471602777950465679e-01,6.867962889373312174e-02,-3.127298997746567055e-01,-1.329530394868931320e-01
3.845080784952725206e-01,-5.996240230977355479e-01,7.657787632197140537e-01,3.501624660566458186e-02,-3.189534509041113131e-01,-1.499992463504901952e-01
3.414300307605470097e-01,-4.028635497401172882e-01,6.988286813721060753e-01,1.774566802196205773e-01,-2.943031560818479275e-01,-7.536264054942934387e-02
2.375479438335501292e-01,-7.233911047591982946e-02,5.055046256165951490e-01,2.994423527270556051e-01,-1.843548643201690929e-01,4.504368390189447680e-02
1.654277360439986577e-01,1.905311662150677154e-01,3.692886033095418852e-01,4.114119857549667914e-01,-9.973098265535232376e-02,1.346468476112930301e-01
1.602110533211577870e-01,2.437374501774935698e-01,3.483093606773763895e-01,4.757244279608131010e-01,-9.979176025672417683e-02,1.540717582101931715e-01
1.224382018975634090e-01,3.157817194625782142e-01,2.395655850414186716e-01,5.302102919667960323e-01,-7.361421568693166106e-02,1.929419459193011666e-01
6.715792614084475920e-02,2.093729931545945389e-01,9.460144583135840501e-02,4.359436319209635258e-01,-6.256840633241085060e-03,1.422598604112862708e-01
6.637176077910478256e-02,1.872355563714978854e-01,9.703722083941096477e-02,4.398546898737549227e-01,3.865963815089731859e-03,1.228541029850020172e-01
6.614636208285698538e-02,3.645454031495430347e-01,1.453568222932517251e-01,5.357990092597901821e-01,-8.681946584774230188e-03,1.994684234960004132e-01
3.915705550149852637e-02,3.004168899133941029e-01,1.072987047955392820e-01,4.276773035526274525e-01,-1.580057213070179198e-02,1.752321284729986828e-01
5.026485142782507326e-02,1.180175311419608825e-01,1.424787025898693327e-01,2.298824470490216099e-01,-3.040213899015535917e-02,8.282006438821545857e-02

Feature: zero_crossing_rate
2.392578125000000000e-02
4.101562500000000000e-02
5.224609375000000000e-02
5.175781250000000000e-02
5.078125000000000000e-02
4.492187500000000000e-02
6.591796875000000000e-02
6.933593750000000000e-02
6.982421875000000000e-02
7.421875000000000000e-02
6.201171875000000000e-02
7.421875000000000000e-02
7.714843750000000000e-02
8.398437500000000000e-02
6.591796875000000000e-02
3.955078125000000000e-02

